0.37233972549438477 [-0.03345023 -0.02104311 -0.00790628  0.04185561]
0.005856990814208984 [ 0.03417464 -0.02451153  0.01351372  0.01857074]
0.005922555923461914 [ 0.00768081 -0.01653921  0.01594121  0.02288397]
0.0039031505584716797 [-0.00356315 -0.00289511  0.03991137  0.00760883]
0.004812955856323242 [-0.0141818   0.03355377 -0.02547105 -0.01907499]
0.0068988800048828125 [ 0.0516177   0.00224405 -0.0271511  -0.00486896]
0.003837108612060547 [-0.0132572  -0.0438504  -0.01115987 -0.01564766]
0.004881381988525391 [-0.0158481  -0.06093298 -0.03736122 -0.04175411]
0.00585484504699707 [ 0.01926344  0.00672151 -0.02340504  0.00677069]
0.003904104232788086 [-0.03461115 -0.01615239 -0.01223183  0.02191253]
0.0039031505584716797 [ 0.00829739 -0.07230503  0.0381081   0.02871159]
0.006833791732788086 [ 0.0339992  -0.02402622 -0.002589    0.03669456]
0.004945278167724609 [-0.0172392  -0.00061357 -0.0164229  -0.02004873]
0.0048503875732421875 [-0.06413151 -0.0093537  -0.03052906 -0.01200538]
0.0058481693267822266 [ 0.0508417  -0.02960608  0.00726447  0.00295274]
0.004877805709838867 [ 0.01128035 -0.05216648 -0.02276371  0.00954471]
0.004853725433349609 [ 0.02250841 -0.10916679 -0.000765   -0.05034016]
0.00487971305847168 [ 0.02552316 -0.07780565 -0.02138285 -0.0337342 ]
0.0048770904541015625 [-0.0171295  -0.01787529  0.04894689 -0.01677071]
0.003906726837158203 [-0.00849064 -0.0211223  -0.03601947 -0.07023651]
0.004840850830078125 [ 0.00336492 -0.00393976  0.01762291  0.00207962]
0.006831645965576172 [ 0.04432309 -0.03782947  0.04551362 -0.00925042]
0.003929853439331055 [0.02339081 0.02078855 0.00585449 0.00852775]
0.004877328872680664 [ 0.05533683 -0.04550492 -0.00051696  0.00143243]
0.003925323486328125 [ 0.02155162  0.01394171 -0.03211997  0.04733424]
0.003943681716918945 [-0.02738061 -0.03156631 -0.05104088 -0.0206923 ]
0.003851175308227539 [ 0.01779797 -0.03664821  0.02670798  0.00791349]
0.004880189895629883 [-0.07189991  0.01047589 -0.03286086  0.0237002 ]
0.005883693695068359 [-0.00884322 -0.01768766 -0.03384827  0.04385544]
0.004853725433349609 [-0.00296472  0.00963189  0.05365326  0.06915398]
0.0039017200469970703 [-0.03807905 -0.01278831  0.0121267   0.08744004]
0.004933834075927734 [-0.01944711 -0.06342646  0.01288563  0.05744549]
0.003913164138793945 [-0.01674438 -0.02779146  0.01758358  0.10019458]
0.004817485809326172 [-0.02734595  0.03308189  0.13828386  0.06925859]
0.004881620407104492 [ 0.01799432 -0.02056775  0.07643947  0.04967817]
0.003902435302734375 [-0.03860447 -0.04511865  0.07094654  0.04997711]
0.003904104232788086 [-0.03046458 -0.0022477   0.10051882  0.04408735]
0.003903627395629883 [ 0.04430752 -0.03118305  0.14919661 -0.00524236]
0.004910469055175781 [ 0.03819146 -0.03877824  0.08722526 -0.00859018]
0.003995180130004883 [-0.0225841  -0.02275775  0.12831655 -0.02387024]
0.003790616989135742 [ 0.03077782 -0.02803773  0.19825473 -0.04645568]
0.0039043426513671875 [-0.0100715  -0.02404008  0.18492992  0.00270688]
0.005858659744262695 [-0.00664251  0.06012849  0.14834075 -0.03974417]
0.003969907760620117 [ 0.00733629 -0.03086124  0.1688381  -0.0764998 ]
0.0028955936431884766 [-0.00529169 -0.0412861   0.11232004 -0.02084875]
0.003903627395629883 [ 0.0316076  -0.07844371  0.1513934  -0.01734542]
0.005856037139892578 [ 0.02670302 -0.05083914  0.09203906  0.01818198]
0.003618955612182617 [-0.00478304 -0.04440673  0.14608914  0.00315197]
0.003926753997802734 [-0.01846712  0.00434974  0.16924326  0.02176039]
0.00482940673828125 [-0.05041972 -0.0521922   0.09755112  0.0124959 ]
0.005856990814208984 [-0.00583791 -0.02914322  0.06715509  0.08278195]
0.0039031505584716797 [ 0.00892271 -0.01678419  0.14410748  0.11754984]
0.002954244613647461 [ 0.01692175 -0.02391963  0.10035316  0.08653758]
0.0058290958404541016 [-0.00613458 -0.03982493  0.08387238  0.05939357]
0.004880189895629883 [-0.00759665  0.01987932  0.09567907  0.11975873]
0.003904104232788086 [-0.00366191 -0.0708187   0.11561289  0.11007705]
0.0039327144622802734 [-0.01409812  0.02193777  0.07777626  0.12588947]
0.005856990814208984 [ 0.0174659  -0.02559358  0.07857446  0.11777169]
0.0049397945404052734 [-0.0168776  -0.06996513  0.04910603  0.068752  ]
0.0038788318634033203 [ 0.00425021 -0.06368104  0.14808893  0.09827399]
0.004844188690185547 [-0.00764482 -0.04992865  0.14297542  0.10575769]
0.007809638977050781 [-0.04160815 -0.06939575  0.11806658  0.16656047]
0.00487828254699707 [-0.00411227 -0.01708852  0.0832205   0.16599372]
0.004881143569946289 [-0.05287688 -0.03856198  0.13938437  0.06329706]
0.005922555923461914 [-0.00552989  0.01060765  0.07259328  0.09648157]
0.003836393356323242 [-0.04846309 -0.01971958  0.14051461  0.10917719]
0.004879474639892578 [-0.02828313 -0.04772563  0.14533214  0.05351882]
0.005697011947631836 [ 0.00079592 -0.03909348  0.120846    0.08447717]
0.004918098449707031 [-0.03833952  0.02847487  0.17176017 -0.0019309 ]
0.004812955856323242 [ 0.01447911 -0.03149783  0.07403912 -0.02754314]
0.004909992218017578 [-0.00517664 -0.04990429  0.11512259 -0.04632011]
0.004888772964477539 [-0.03534395  0.02162527  0.17640536 -0.130128  ]
0.00393223762512207 [-0.0065487   0.02013623  0.05927514 -0.12816562]
0.004812479019165039 [ 0.00965232  0.00733837  0.11929376 -0.23718059]
0.004932880401611328 [ 0.02983723 -0.03650793  0.13607703 -0.18992755]
0.0038518905639648438 [-0.0480439  -0.06493823  0.04568182 -0.3536366 ]
0.0039043426513671875 [-0.08943919 -0.09082294  0.10601466 -0.30239984]
0.004877805709838867 [-0.06569504 -0.03099945  0.14876378 -0.30642796]
0.0049288272857666016 [ 0.01787513 -0.00482996  0.18591067 -0.41650346]
0.0029168128967285156 [-0.04320408 -0.06431098  0.14426598 -0.48051026]
0.0038716793060302734 [-0.02559204 -0.00840559  0.15645467 -0.50671464]
0.004937171936035156 [-0.02135932 -0.04210698  0.19928324 -0.58552474]
0.003842592239379883 [-0.00918448 -0.02021618  0.20005937 -0.65721315]
0.0039386749267578125 [ 0.02169167 -0.05020919  0.19712742 -0.7245539 ]
0.00484466552734375 [ 0.00333138 -0.03085993  0.19377545 -0.79952186]
0.003943204879760742 [ 0.01964521 -0.03346109  0.27170873 -0.8438819 ]
0.0038652420043945312 [ 0.01710282 -0.02153703  0.27417395 -0.86162287]
0.004007816314697266 [ 0.01636021 -0.00970303  0.25694677 -0.88982785]
0.004775524139404297 [ 0.03189928 -0.04369143  0.29733348 -1.0090111 ]
0.0054776668548583984 [-0.00813859 -0.03723636  0.33056659 -1.024253  ]
0.004857301712036133 [ 0.02573893 -0.0640578   0.31300253 -1.1455308 ]
0.004855155944824219 [-0.01888011  0.0053497   0.33254537 -1.1992031 ]
0.003951549530029297 [-0.00491478 -0.04075227  0.3204702  -1.3325745 ]
0.0039033889770507812 [-0.05647371 -0.02532572  0.34671015 -1.3097177 ]
0.003850221633911133 [ 0.04348252 -0.0321982   0.4083104  -1.4125198 ]
0.0039043426513671875 [-0.03591715 -0.03197107  0.34390804 -1.4271663 ]
0.004934787750244141 [ 0.02194035 -0.05764346  0.43410918 -1.4588885 ]
0.0038487911224365234 [ 0.00350565 -0.02486564  0.45460448 -1.5540816 ]
0.003963470458984375 [-0.01607094  0.00403035  0.49518177 -1.4793316 ]
0.0048236846923828125 [ 0.01715843 -0.08646667  0.31255618 -1.4802315 ]
0.0049381256103515625 [ 1.0473086e-04 -2.4858838e-02  2.0879298e-01 -1.4585251e+00]
0.003895998001098633 [-0.01317152 -0.07525133  0.11462534 -1.4481493 ]
0.0038521289825439453 [ 0.02864575 -0.09917784  0.02645682 -1.3231413 ]
0.003908395767211914 [ 0.0325271  -0.03331492 -0.02641738 -1.2977393 ]
0.004906892776489258 [-0.02866653 -0.0145833  -0.05909382 -1.2109969 ]
0.0039408206939697266 [-0.00251296 -0.06168769 -0.0927677  -1.1046077 ]
0.00386810302734375 [-0.01564224  0.00355447 -0.14471246 -1.0607907 ]
0.005855083465576172 [ 0.00906675 -0.08925581 -0.23914014 -1.0326046 ]
0.0049326419830322266 [ 0.0176952  -0.05122379 -0.32948112 -0.95448935]
0.003911733627319336 [ 0.00468817 -0.06236306 -0.27365866 -0.82543564]
0.004822969436645508 [-0.0081392  -0.04044907 -0.29526818 -0.81667525]
0.006389617919921875 [-0.04739472 -0.08485606 -0.3400229  -0.7103034 ]
0.003914833068847656 [ 0.03157169 -0.08588812 -0.38191232 -0.5348932 ]
0.0038657188415527344 [-0.03697306 -0.05623491 -0.4769172  -0.5642695 ]
0.005855083465576172 [-0.00623826 -0.12559463 -0.4759457  -0.47620362]
0.0039577484130859375 [ 0.05500153 -0.06602115 -0.4507313  -0.37722814]
0.0029294490814208984 [ 0.01168443 -0.03716955 -0.4405629  -0.35706338]
0.0039048194885253906 [-0.04738264 -0.0467835  -0.39279085 -0.33098078]
0.004926204681396484 [-0.02068524 -0.03148241 -0.37376577 -0.24238807]
0.0039234161376953125 [ 0.01487354 -0.09701402 -0.40336987 -0.33696514]
0.003913402557373047 [ 0.01947192 -0.05949553 -0.43164286 -0.29082447]
0.003831148147583008 [-0.03687785 -0.11593952 -0.39862376 -0.28346202]
0.00585484504699707 [-0.02592045 -0.08446018 -0.36961237 -0.24181943]
0.003972768783569336 [ 0.03115298 -0.04895457 -0.35530433 -0.35318792]
0.0029582977294921875 [ 0.00783499 -0.06953813 -0.37777072 -0.31949902]
0.005755424499511719 [-0.01297451 -0.02870823 -0.44403163 -0.3792122 ]
0.0068318843841552734 [ 0.01321345 -0.08293306 -0.35561898 -0.39793125]
0.0039033889770507812 [-0.04078823 -0.07310557 -0.41631073 -0.45794693]
0.005865335464477539 [-0.01348431 -0.04351678 -0.41662154 -0.44002417]
0.005915164947509766 [ 0.01304967 -0.08200695 -0.425937   -0.49529785]
0.0039043426513671875 [-0.01191918 -0.08009438 -0.39804786 -0.51936114]
0.003841876983642578 [-0.00384129 -0.03403285 -0.35978    -0.6142471 ]
0.004874706268310547 [ 0.02883142 -0.07608635 -0.4608079  -0.5912618 ]
0.004408597946166992 [ 0.03893508 -0.07107303 -0.42872295 -0.67516834]
0.0039038658142089844 [-0.01936701 -0.08966546 -0.40688363 -0.72228813]
0.0029578208923339844 [-0.06257972 -0.05596066 -0.3947806  -0.77086765]
0.0039031505584716797 [ 0.04989585 -0.12517884 -0.39948195 -0.81852067]
0.0029706954956054688 [-0.08417463 -0.00672949 -0.41555804 -0.90008587]
0.003843069076538086 [-0.01369332 -0.10292725 -0.4088115  -0.9489441 ]
0.003871440887451172 [ 0.01284962 -0.08806372 -0.38384935 -1.0108694 ]
0.00490260124206543 [ 0.02564362 -0.08347783 -0.37590718 -1.0322529 ]
0.003932952880859375 [-0.03231795 -0.08763506 -0.38836372 -1.0368439 ]
0.0038509368896484375 [-0.01173109 -0.05225579 -0.3848288  -1.1090101 ]
0.0039043426513671875 [ 0.01437401 -0.05634879 -0.40881273 -1.0647767 ]
0.004934549331665039 [ 0.03134942 -0.05620093 -0.37731138 -1.2386658 ]
0.004825592041015625 [-0.06155237 -0.08647091 -0.3881574  -1.2931166 ]
0.00391077995300293 [ 0.00972704 -0.08319994 -0.3536737  -1.2898055 ]
0.0029234886169433594 [-0.00445225 -0.02894285 -0.41116986 -1.2798048 ]
0.004894733428955078 [ 0.01049939 -0.13209975 -0.45819739 -1.3176538 ]
0.0038843154907226562 [-0.0080025  -0.09430848 -0.5114276  -1.2872249 ]
0.003956794738769531 [-0.00285098 -0.06756525 -0.39057416 -1.1551484 ]
0.0048274993896484375 [ 0.0162071  -0.10976191 -0.3298651  -1.1421226 ]
0.005884408950805664 [ 0.0053371  -0.09731708 -0.33060914 -1.1064861 ]
0.0038759708404541016 [-0.00562517 -0.09008473 -0.33502087 -0.9953189 ]
0.003904104232788086 [-0.02940276 -0.10538173 -0.23001505 -0.8950701 ]
0.00487828254699707 [-0.00314547 -0.1340133  -0.24949414 -0.8923028 ]
0.005856037139892578 [-0.0257334  -0.07895996 -0.24330689 -0.71629506]
0.003903627395629883 [ 0.02345115 -0.07180151 -0.22458068 -0.6359629 ]
0.00585627555847168 [-0.0489862  -0.09471589 -0.17283256 -0.6082642 ]
0.004879474639892578 [-0.02372265 -0.1190894  -0.10578807 -0.53255594]
0.004881143569946289 [ 0.02683987 -0.07845482 -0.0794377  -0.4558977 ]
0.004879951477050781 [-0.04844915 -0.11624557 -0.01706232 -0.38644144]
0.003904104232788086 [-0.01477942 -0.14840795  0.01259861 -0.32369354]
0.003905057907104492 [-0.02765374 -0.12657672  0.11158177 -0.22888999]
0.0058557987213134766 [-0.02116771 -0.07041782  0.13861325 -0.15864797]
0.0058553218841552734 [-0.04013708 -0.07415474  0.15858243 -0.07754701]
0.004881381988525391 [-0.02828974 -0.11737234  0.24063404 -0.01193594]
0.004877805709838867 [ 0.01720454 -0.09631766  0.2940179   0.10503799]
0.004880666732788086 [ 0.02785567 -0.09741212  0.36254326  0.20458895]
0.002947568893432617 [ 0.014244   -0.15170507  0.3927678   0.24886598]
0.003905057907104492 [ 0.03664061 -0.11612432  0.3983917   0.36483482]
0.005838155746459961 [ 0.0024337  -0.07224684  0.51090914  0.40014508]
0.004937887191772461 [-0.03265836 -0.13844365  0.49745706  0.50962436]
0.00486302375793457 [ 0.04945293 -0.08203728  0.5156386   0.55960554]
0.0038595199584960938 [ 0.01589383 -0.07585469  0.5913915   0.58227277]
0.004883527755737305 [-0.03693056 -0.12519789  0.5985679   0.6517119 ]
0.004381895065307617 [-0.00850626 -0.08357175  0.691343    0.71791685]
0.003942012786865234 [ 0.04151976 -0.09823862  0.7581898   0.78333414]
0.005856990814208984 [-0.07443058 -0.11376275  0.7291183   0.7154015 ]
0.004849672317504883 [ 0.00393323 -0.12448848  0.770841    0.8798737 ]
0.0039033889770507812 [-0.03772978 -0.09217618  0.77841836  0.8294966 ]
0.0058858394622802734 [ 0.008336   -0.1105146   0.65466106  0.7675352 ]
0.003931999206542969 [ 0.02507424 -0.12409478  0.53402936  0.75777316]
0.0029268264770507812 [ 0.04892458 -0.1381533   0.5513908   0.70989126]
0.0038766860961914062 [-0.02692703 -0.05014913  0.58524483  0.6546431 ]
0.004878997802734375 [-0.00871459 -0.08969917  0.5632842   0.67147154]
0.004949808120727539 [-0.04139017 -0.07322887  0.6092514   0.5567419 ]
0.003902912139892578 [-0.04543934 -0.13256136  0.6301459   0.49409732]
0.0038352012634277344 [-0.04983531 -0.08571331  0.665998    0.47328705]
0.004877567291259766 [-0.02465099 -0.03493805  0.5741101   0.40183157]
0.003934621810913086 [-0.02132546 -0.04556263  0.55377316  0.29198316]
0.003872394561767578 [ 0.03391157 -0.06940712  0.53767043  0.27193192]
0.004880428314208984 [ 0.04838323 -0.06776353  0.5841941   0.2736814 ]
0.005855560302734375 [ 0.02120124 -0.10968728  0.5731111   0.22421065]
0.003903627395629883 [-0.00383513 -0.05303263  0.60275334  0.16908072]
0.004883527755737305 [ 0.00732337 -0.11766566  0.58705646  0.12108261]
0.004877567291259766 [-0.01582457 -0.14771852  0.6343578   0.03545329]
0.0058858394622802734 [ 0.02004566 -0.09041511  0.6783821   0.06692357]
0.004887104034423828 [-0.01257046 -0.09030404  0.66775423  0.01636719]
0.0058176517486572266 [ 3.0093819e-02 -5.9547104e-02  6.7708439e-01 -6.6971907e-04]
0.0039060115814208984 [ 0.00193847 -0.12387998  0.73303276 -0.09022552]
0.003903627395629883 [ 0.02509369 -0.09473626  0.70604235 -0.17101003]
0.0058536529541015625 [ 0.03238131 -0.09232631  0.77612793 -0.15782344]
0.006833553314208984 [-0.0207271  -0.10788619  0.8208725  -0.22406025]
0.0039017200469970703 [ 0.06100435 -0.13038896  0.73435766 -0.1697537 ]
0.005856752395629883 [-0.03661035 -0.05960916  0.63089615 -0.09865447]
0.00487971305847168 [ 0.02650464 -0.11082922  0.5228361  -0.09196719]
0.004880189895629883 [-0.03753944 -0.09824987  0.479194   -0.09470472]
0.005825519561767578 [ 0.03433962 -0.12436172  0.3775549  -0.00236494]
0.0058557987213134766 [ 0.08265503 -0.06945932  0.37356672  0.05554862]
0.004881858825683594 [-0.09219759 -0.07530951  0.2891859   0.04696737]
0.006831645965576172 [-0.0390117  -0.08471072  0.21024746  0.15894666]
0.004908561706542969 [-0.00512148 -0.08310474  0.20409945  0.23216222]
0.00484919548034668 [ 0.05838265 -0.15264109  0.15430166  0.26458246]
0.0058574676513671875 [ 0.01222823 -0.10372838  0.16606505  0.3194693 ]
0.003904104232788086 [ 0.00441338 -0.07817753  0.02106484  0.42986685]
0.0049092769622802734 [-0.00111946 -0.11154214  0.00775722  0.49429813]
0.004849910736083984 [-0.02924184 -0.04393125 -0.06858866  0.55262667]
0.005856037139892578 [ 0.01485819 -0.09078942 -0.03254866  0.6485003 ]
0.0049097537994384766 [-0.01011839 -0.08647972 -0.1120933   0.70508844]
0.0038738250732421875 [ 0.01235578 -0.06942695 -0.17355266  0.8095113 ]
0.005856990814208984 [ 0.04185006 -0.04748124 -0.23842159  0.8822423 ]
0.004908323287963867 [-0.00894125 -0.06383269 -0.24835327  0.9795309 ]
0.002928018569946289 [-0.02082256 -0.1065231  -0.32240838  1.0051559 ]
0.004851341247558594 [ 0.02563721 -0.06095291 -0.37676784  1.1013699 ]
0.004880428314208984 [-0.02442152 -0.06618933 -0.37180656  1.1556131 ]
0.0029366016387939453 [ 0.01078961 -0.080745   -0.02644777  1.2527874 ]
0.0038652420043945312 [-0.02143553 -0.11636121 -0.01486367  1.2737708 ]
0.004879951477050781 [ 0.05712186 -0.12253818 -0.01757675  1.2988193 ]
0.0048809051513671875 [ 0.02080415 -0.06878553 -0.02089125  1.2988394 ]
0.004908084869384766 [ 0.00405849 -0.04145722  0.00332093  1.2827291 ]
0.004851579666137695 [-0.01234666 -0.08515929 -0.02315865  1.2913235 ]
0.005932807922363281 [ 0.03763241 -0.06307606 -0.07052542  1.3377335 ]
0.003828287124633789 [ 0.0510239  -0.05213043 -0.15876044  1.214828  ]
0.0039033889770507812 [ 0.02332306 -0.04739491 -0.1594191   1.2108796 ]
0.0039031505584716797 [ 0.02814203 -0.06444969 -0.1519531   1.1174396 ]
0.003876209259033203 [-0.02322488 -0.06864104 -0.10176632  1.1009475 ]
0.003904104232788086 [ 0.07431208 -0.00993477 -0.1099937   1.0651995 ]
0.004878997802734375 [-0.00137863 -0.02233203 -0.05576235  0.99844927]
0.004880189895629883 [-0.00156091 -0.07704712 -0.07844599  0.9275055 ]
0.003905057907104492 [-0.04944402 -0.03322561 -0.03246981  0.9017664 ]
0.004877805709838867 [-0.02086991 -0.06655347 -0.07783077  0.8491235 ]
0.005887508392333984 [ 0.03374305 -0.0688467  -0.03780928  0.80338997]
0.004943370819091797 [ 0.00376092 -0.05175328 -0.02980337  0.72095865]
0.0038416385650634766 [-0.01855578 -0.08253232 -0.0085346   0.6604574 ]
0.0039348602294921875 [ 0.03032761 -0.06152974 -0.03155056  0.57333076]
0.00582575798034668 [-0.00252922 -0.02567896 -0.02911633  0.49714693]
0.005883932113647461 [ 0.01070977 -0.09788563  0.04309241  0.37781987]
0.0058286190032958984 [ 0.04813037 -0.03634157  0.03080016  0.37253666]
0.005855083465576172 [ 0.00729505 -0.0387363   0.05171834  0.31528863]
0.004879951477050781 [-0.02770291 -0.08839283  0.05860122  0.28006104]
0.0068340301513671875 [ 0.00224036 -0.09770126  0.12194619  0.22984163]
0.004879951477050781 [ 0.03401672 -0.04055655  0.04635615  0.13813147]
0.0039038658142089844 [-0.00711684 -0.06622694  0.12982154  0.09480896]
0.00588536262512207 [ 0.00788766 -0.01730064  0.08908137  0.03416597]
0.0039033889770507812 [ 0.02356494 -0.03711564  0.02997826  0.08796284]
0.002889394760131836 [-0.01071634 -0.01718198  0.0196877   0.08315762]
0.004881381988525391 [ 0.01695397 -0.05747791  0.09772198  0.14091429]
0.006861686706542969 [ 0.04582076 -0.06947273  0.15885705  0.12841298]
0.002929210662841797 [ 0.02738216 -0.08421353  0.16192065  0.22815175]
0.0039014816284179688 [-0.05405945 -0.02832188  0.20123084  0.2304526 ]
0.004845857620239258 [ 0.01281178 -0.04286529  0.23483251  0.31459528]
0.005881309509277344 [-0.01307654 -0.05136055  0.20928864  0.3454526 ]
0.003876924514770508 [ 0.05134932 -0.01513537  0.21816865  0.43719798]
0.004879474639892578 [-0.01541639 -0.04374051  0.2818188   0.5115676 ]
0.005857706069946289 [-0.01810543 -0.05462171  0.21644887  0.51015747]
0.0039026737213134766 [ 0.05461526 -0.07161748  0.2560518   0.63309354]
0.0029265880584716797 [ 0.03397502 -0.01234045  0.20667392  0.575786  ]
0.004883527755737305 [ 0.03710501 -0.04598156  0.17999944  0.6165439 ]
0.005881547927856445 [ 0.0954414  -0.03095626  0.23646678  0.6732786 ]
0.0038764476776123047 [ 0.01711187 -0.05722506  0.25434464  0.6311174 ]
0.0039033889770507812 [ 0.02008413 -0.02129481  0.2788572   0.71923584]
0.0058574676513671875 [0.02100998 0.00149236 0.1962373  0.68967915]
0.003970623016357422 [-0.00816122  0.00204844  0.2243247   0.62286717]
0.002941131591796875 [ 0.05575125 -0.05617363  0.23320314  0.7421537 ]
0.003824472427368164 [0.05509427 0.02202134 0.21000493 0.6726626 ]
0.005856037139892578 [-0.00349597  0.00395504  0.23111694  0.6916864 ]
0.004890918731689453 [-0.00425105 -0.04305438  0.17840976  0.65584046]
0.004868030548095703 [-0.04113935 -0.06584639  0.11896586  0.68912005]
0.0068302154541015625 [-0.0027275  -0.08903477  0.16835706  0.6867791 ]
0.004923343658447266 [-0.06459311 -0.03890449  0.09035417  0.5601859 ]
0.005812883377075195 [-0.02795168 -0.00391454  0.08958776  0.58999825]
0.006852626800537109 [-0.03337147  0.03250428  0.0598904   0.54694194]
0.003911733627319336 [ 0.04093355 -0.02297807  0.0281648   0.45220557]
0.0038750171661376953 [-0.01433058 -0.06619406  0.04719466  0.34816155]
0.004930734634399414 [-0.00534867  0.01435007  0.026336    0.31312406]
0.0039060115814208984 [ 0.07379773 -0.05207988  0.05476616  0.31585345]
0.003894805908203125 [ 0.01997265 -0.06052761  0.02634833  0.2650507 ]
0.0048830509185791016 [-0.02195063 -0.03611143  0.06504528  0.19320124]
0.005876302719116211 [ 0.02805989 -0.05285375  0.09658623  0.07803684]
0.0038521289825439453 [-0.04662388 -0.05633771  0.10594112  0.01971178]
0.0029282569885253906 [ 0.01652141  0.01559157  0.03572752 -0.01160286]
0.004878997802734375 [ 0.0169236   0.00276364  0.05981161 -0.00290042]
0.0048482418060302734 [ 0.06391285 -0.05935267  0.01761489 -0.0886432 ]
0.003931999206542969 [ 0.02138898 -0.03168983  0.12096489 -0.1599338 ]
0.0038750171661376953 [ 0.00260431 -0.03512941  0.1330679  -0.16651456]
0.004930973052978516 [ 0.0311227   0.02551079  0.18755718 -0.18353593]
0.003910541534423828 [ 0.02683709 -0.04629111  0.21861967 -0.34900576]
0.0038454532623291016 [-9.0089212e-05 -3.8484152e-02  1.7120713e-01 -4.2881164e-01]
0.0039038658142089844 [ 0.02570413 -0.04806923  0.24585944 -0.44246534]
0.005885601043701172 [-0.03517029 -0.08070718  0.29660553 -0.47043565]
0.004889965057373047 [-0.0293776  -0.02300909  0.28024995 -0.5496056 ]
0.004841804504394531 [ 0.06979771 -0.06206536  0.24893631 -0.56485677]
0.004910707473754883 [-2.5402544e-05 -1.1816244e-02  1.2202700e-01 -6.6069442e-01]
0.003873109817504883 [-0.00755446 -0.0059255   0.01431786 -0.7020333 ]
0.002996206283569336 [ 0.00689282 -0.00784524 -0.05152456 -0.7198632 ]
0.004811763763427734 [ 0.05960109 -0.03524405 -0.07096279 -0.6470268 ]
0.004908561706542969 [ 0.06045645 -0.06030685 -0.18526587 -0.6778101 ]
0.003937244415283203 [-0.00471044 -0.03791748 -0.15384454 -0.6890063 ]
0.0038640499114990234 [ 0.03008049 -0.08237471 -0.1685359  -0.58023465]
0.003881692886352539 [ 0.00800547 -0.00601935 -0.1568206  -0.5599156 ]
0.005903720855712891 [ 0.03628093 -0.04579376 -0.20696741 -0.5173033 ]
0.00390934944152832 [-0.00339257 -0.08014753 -0.24346536 -0.41393116]
0.0038521289825439453 [ 0.00684874  0.0226071  -0.32411608 -0.42293227]
0.004879474639892578 [ 0.05159314 -0.01891528 -0.33073822 -0.281802  ]
0.003931283950805664 [ 0.0148692  -0.03319158 -0.40875992 -0.22053525]
0.003877401351928711 [ 0.0014392  -0.05520624 -0.45389903 -0.12170184]
0.003938913345336914 [ 0.05042789 -0.06201843 -0.48023364 -0.12789042]
0.0028922557830810547 [-0.00686279 -0.07669273 -0.5101019  -0.03659847]
0.0048809051513671875 [-0.01592981 -0.05897373 -0.4766735  -0.00475026]
0.0029578208923339844 [ 0.0173388  -0.04858812 -0.5128175   0.01819859]
0.003930330276489258 [-0.03220416 -0.04742853 -0.52766794  0.12557   ]
0.0028734207153320312 [ 0.03967011 -0.0344299  -0.4853433   0.11190334]
0.004900217056274414 [ 0.00145928 -0.06236131 -0.51144916  0.22034542]
0.004887580871582031 [ 0.04313672 -0.06777433 -0.4823023   0.23004986]
0.0038754940032958984 [ 0.09731151 -0.07249069 -0.53073126  0.25978106]
0.002927541732788086 [-0.02469365 -0.01482197 -0.4336574   0.2682587 ]
0.00493311882019043 [-0.05353439 -0.03148868 -0.44731957  0.24144797]
0.0039103031158447266 [ 0.00706314 -0.09338326 -0.51302385  0.27844888]
0.0038836002349853516 [ 0.0798374  -0.02106509 -0.48528767  0.24929637]
0.002887248992919922 [-0.00627852 -0.092172   -0.4800994   0.3175204 ]
0.004882335662841797 [ 0.0013753  -0.01288986 -0.5095023   0.3254877 ]
0.005891084671020508 [-0.00499864 -0.03684589 -0.53440154  0.19260275]
0.003866910934448242 [ 0.02460278 -0.07789353 -0.52758753  0.2077408 ]
0.004882335662841797 [ 0.02220565 -0.00924096 -0.5235747   0.29478583]
0.00588226318359375 [ 0.01721224 -0.08117548 -0.49817207  0.16478263]
0.0038750171661376953 [ 0.01832178  0.01984481 -0.44449055  0.19365534]
0.005856037139892578 [-0.04304647 -0.02739047 -0.4447271   0.15440696]
0.00493168830871582 [-0.0093601  -0.07745498 -0.5078319   0.08499112]
0.0038518905639648438 [-0.00943241 -0.06957973 -0.47883743  0.09461737]
0.003904104232788086 [ 0.0219644   0.01853676 -0.48733386 -0.00218335]
0.003907203674316406 [-0.00430678 -0.02938037 -0.4387411  -0.03048486]
0.004909038543701172 [ 0.00266985 -0.06776115 -0.46912223 -0.09743905]
0.0038652420043945312 [ 0.03338789 -0.0066374  -0.4543348  -0.10404918]
0.0039043426513671875 [-0.02815179 -0.063894   -0.46669406 -0.20429207]
0.004910945892333984 [ 0.01384344 -0.03529681 -0.49247766 -0.22966684]
0.004910707473754883 [-0.01634357 -0.05055493 -0.43325397 -0.3408304 ]
0.003871917724609375 [-0.01457285 -0.04535288 -0.40540758 -0.3409302 ]
0.004849910736083984 [-0.01702132 -0.06636962 -0.418458   -0.40239805]
0.004893779754638672 [ 0.03052524 -0.11105016 -0.3736601  -0.49739262]
0.003951072692871094 [ 0.0518496  -0.12522161 -0.34951788 -0.49118137]
0.0029206275939941406 [ 0.01261448 -0.05065381 -0.37702358 -0.5996917 ]
0.004830837249755859 [ 0.01655402 -0.06895335 -0.38995382 -0.57890964]
0.0049364566802978516 [-0.01797919 -0.021558   -0.36565664 -0.69204533]
0.0039038658142089844 [-0.00080186 -0.07756337 -0.29536685 -0.7440468 ]
0.004880189895629883 [ 0.03487227 -0.02970501 -0.32196334 -0.7568683 ]
0.004911661148071289 [ 0.01852946 -0.10422947 -0.33392912 -0.81515664]
0.005825996398925781 [-0.02770979 -0.03283513 -0.32179174 -0.82798517]
0.00397038459777832 [-0.05446007 -0.04042528 -0.33196494 -0.83947384]
0.00383758544921875 [ 0.02410497 -0.05447505 -0.3762679  -0.86056876]
0.004880189895629883 [-0.05364449 -0.08288149 -0.38158837 -0.7785034 ]
0.0049326419830322266 [-0.04537914 -0.0391083  -0.33463663 -0.7797429 ]
0.0039174556732177734 [ 0.01798525 -0.08988492 -0.32105112 -0.7116115 ]
0.004812002182006836 [-0.04713944 -0.04301735 -0.27656636 -0.54775304]
0.006879568099975586 [-0.0098589  -0.04505949 -0.22250824 -0.5520251 ]
0.003924131393432617 [ 0.02677313 -0.092628   -0.19276036 -0.44635174]
0.004814624786376953 [ 0.00908244 -0.00126234 -0.18993054 -0.47468886]
0.0048787593841552734 [ 0.02895741 -0.04963604 -0.19678836 -0.32847303]
0.004877805709838867 [-0.00925918 -0.07902867 -0.12856838 -0.25994954]
0.004880428314208984 [ 0.02658891 -0.06224997 -0.04837034 -0.23104706]
0.004909515380859375 [ 0.00141929 -0.07617086 -0.0654162  -0.07983189]
0.004850864410400391 [-0.01088794 -0.01758993  0.02334492  0.0219085 ]
0.003906965255737305 [-0.00442608 -0.02518796  0.05723424  0.10618928]
0.005852222442626953 [-0.00695207 -0.08282669  0.10499568  0.11144007]
0.005856513977050781 [-1.7508949e-04 -6.0096893e-02  1.2893534e-01  2.4680217e-01]
0.0039327144622802734 [ 0.02984281 -0.02743082  0.22294728  0.38458192]
0.0038743019104003906 [-0.01420118 -0.01468184  0.2377723   0.40438294]
0.006833314895629883 [ 0.00675607 -0.0407168   0.21239781  0.47971082]
0.004881858825683594 [-0.00695352 -0.06023422  0.26245677  0.54746187]
0.004851818084716797 [ 0.00701124 -0.04438445  0.23463413  0.6020236 ]
0.006853342056274414 [-0.03469384 -0.05807726  0.2628675   0.5633921 ]
0.003873109817504883 [-0.01640466 -0.0566023   0.23274653  0.62550366]
0.0039038658142089844 [-0.04213607 -0.0222111   0.26781845  0.60899675]
0.005856037139892578 [ 0.0132759  -0.08877474  0.19733082  0.6255428 ]
0.0039048194885253906 [-0.00442098 -0.05434803  0.24343565  0.6526347 ]
0.0039031505584716797 [ 0.06106157 -0.03988568  0.19138204  0.61903423]
0.00585627555847168 [-0.00849256 -0.0200593   0.16764478  0.6164126 ]
0.005856513977050781 [ 0.04418942 -0.01555278  0.15252556  0.6206616 ]
0.0029582977294921875 [-0.07275121 -0.06765161  0.16345406  0.5156373 ]
0.004879951477050781 [-0.01252391 -0.07093784  0.16082163  0.5138594 ]
0.005857706069946289 [-0.01471221 -0.03297827  0.07166446  0.46234494]
0.0039010047912597656 [-0.03486876 -0.02888954  0.12449579  0.4483993 ]
0.003936290740966797 [-0.0313967  -0.05904488  0.07016303  0.42441416]
0.004869937896728516 [ 0.05794332 -0.02157124  0.05231859  0.32423168]
0.005835771560668945 [-0.01047444 -0.05624913  0.01913677  0.32306415]
0.003901958465576172 [0.02087197 0.04689182 0.04013104 0.2486703 ]
0.00976109504699707 [ 0.00331218 -0.08899296 -0.00581882  0.15973166]
0.004918336868286133 [-0.03860665 -0.07535592  0.0176363   0.14434564]
0.002890348434448242 [-0.03222234 -0.0840027   0.00472176  0.03368476]
0.004882335662841797 [ 0.0110381  -0.00952025  0.04492491  0.02010162]
0.004876375198364258 [ 0.03889456 -0.05000956  0.04153943 -0.03221193]
0.00491023063659668 [-0.00812724 -0.03229762  0.04712322 -0.12008309]
0.0038750171661376953 [ 0.01911829 -0.00592926  0.04891661 -0.15797342]
0.005884647369384766 [-0.03301158  0.01836009  0.12447039 -0.23348202]
0.003875255584716797 [ 0.02810922 -0.04408137  0.17537753 -0.22717766]
0.0038747787475585938 [ 0.02375802  0.00164228  0.13145234 -0.25533926]
0.0039348602294921875 [-0.03529212 -0.03260666  0.14550406 -0.31105515]
0.005852937698364258 [ 0.00928884 -0.04265228  0.22345373 -0.39421096]
0.003875732421875 [ 0.00288816 -0.07213528  0.28166777 -0.43127546]
0.0039033889770507812 [ 0.03909784 -0.02173217  0.3638365  -0.47567126]
0.004881143569946289 [-0.05219184 -0.07212933  0.3219755  -0.5091881 ]
0.0039021968841552734 [-0.05802012 -0.03906628  0.389887   -0.5842958 ]
0.003902912139892578 [-0.01955573 -0.04714204  0.3845563  -0.57595015]
0.002927541732788086 [-0.02027525  0.00586519  0.4661921  -0.60884243]
0.004883527755737305 [ 0.03258504 -0.0634957   0.5123285  -0.55249405]
0.004876852035522461 [ 0.03332594 -0.0021196   0.53099257 -0.5981705 ]
0.002927541732788086 [-0.0299107  -0.05180356  0.59353423 -0.6312659 ]
0.0029304027557373047 [ 0.01843475 -0.05323044  0.41473678 -0.58488667]
0.006831645965576172 [ 0.05126348 -0.06425584  0.32278085 -0.60042214]
0.00397181510925293 [ 0.01671787 -0.08995663  0.19735701 -0.5878826 ]
0.0029838085174560547 [ 0.03377833 -0.06058425  0.12510778 -0.5270642 ]
0.0038754940032958984 [ 0.01332589 -0.08757498 -0.03485295 -0.48301327]
0.004848480224609375 [ 0.02008503 -0.00564798 -0.06323423 -0.4574442 ]
0.0039033889770507812 [-0.05923145 -0.00664746 -0.14870934 -0.36893085]
0.005858898162841797 [ 0.0071409  -0.03490601 -0.1479296  -0.3261398 ]
0.0048787593841552734 [ 0.03584596 -0.05744269 -0.20297232 -0.18930879]
0.003948688507080078 [ 0.02964737 -0.01244516 -0.5529206  -0.17483138]
0.003888368606567383 [-0.00347059 -0.05348436 -0.60539836 -0.1577694 ]
0.003876924514770508 [ 0.0246188  -0.05020412 -0.6979933  -0.00825497]
0.00487828254699707 [ 0.03248013 -0.03470216 -0.7486105   0.09131865]
0.003963470458984375 [ 0.02726965 -0.04861598 -0.78883433  0.09620783]
0.003912687301635742 [-0.05479651 -0.05062603 -0.85053724  0.24861743]
0.003836393356323242 [ 0.01403162 -0.07657443 -0.8312167   0.25983432]
0.003873109817504883 [ 0.01806492 -0.10769326 -0.79093474  0.3384871 ]
0.002905607223510742 [-0.00938639 -0.07151629 -0.6950148   0.39379752]
0.003941059112548828 [ 0.0500575  -0.06141403 -0.66754085  0.34049463]
0.004843950271606445 [ 0.02255569 -0.05719151 -0.65070313  0.38693762]
0.004877567291259766 [-0.00396124 -0.02634038 -0.60862106  0.40363112]
0.003966331481933594 [-0.03603014 -0.00497844 -0.647786    0.33153063]
0.002927064895629883 [-0.02035678 -0.07870726 -0.57007253  0.330413  ]
0.0058209896087646484 [-0.02600644 -0.06346381 -0.60922223  0.3062151 ]
0.004948139190673828 [ 0.00118095 -0.0684622  -0.59208256  0.28451714]
0.0029020309448242188 [-0.05204113 -0.05199351 -0.6094228   0.2848107 ]
0.003928661346435547 [-0.03632218 -0.10572743 -0.6289852   0.17338352]
0.004812955856323242 [ 0.00849152 -0.09879012 -0.6041828   0.15822844]
0.004933834075927734 [ 0.0114665  -0.07998546 -0.62879044  0.1166504 ]
0.0038852691650390625 [ 0.01088303 -0.02841039 -0.55866945  0.02995736]
0.0038673877716064453 [ 0.016      -0.10816251 -0.61861455  0.04665673]
0.004880189895629883 [ 0.01123509 -0.0621682  -0.5912828  -0.02461553]
0.0039048194885253906 [-0.02551166 -0.03980259 -0.6510653  -0.03698247]
0.002928495407104492 [-0.00581679 -0.04726869 -0.5524168  -0.14147772]
0.003903627395629883 [-0.05939206 -0.10258383 -0.6102858  -0.2311856 ]
0.00394749641418457 [-0.02888303 -0.0476205  -0.567805   -0.21692008]
0.005852937698364258 [-0.05607337 -0.06052989 -0.5753779  -0.277152  ]
0.002899646759033203 [-0.03151066 -0.05414476 -0.5698846  -0.32219875]
0.003904104232788086 [-0.05468417 -0.01545177 -0.50465184 -0.39797437]
0.0039026737213134766 [-0.01630541 -0.08349244 -0.56385493 -0.4429975 ]
0.004879474639892578 [ 0.02724578 -0.01408838 -0.57887655 -0.45830062]
0.0029277801513671875 [-0.02166906 -0.10891884 -0.52264684 -0.5043475 ]
0.003904104232788086 [-0.07327414 -0.05770465 -0.52785915 -0.60875285]
0.0039064884185791016 [-0.04007255  0.00991443 -0.55457115 -0.6271776 ]
0.005855083465576172 [ 0.00355017  0.01053501 -0.5636118  -0.6120693 ]
0.0029277801513671875 [-0.03490365 -0.02146807 -0.59875333 -0.6957259 ]
0.0039033889770507812 [-0.02396849 -0.02817759 -0.62500113 -0.7199463 ]
0.005885124206542969 [-0.00306742 -0.04363693 -0.6214919  -0.78577286]
0.003938436508178711 [-0.01629793 -0.02434774 -0.5810175  -0.7728372 ]
0.0038399696350097656 [-0.05260139 -0.06685233 -0.63376856 -0.7541677 ]
0.0039021968841552734 [-0.02242311 -0.01809457 -0.704284   -0.7831124 ]
0.00494837760925293 [-0.03955654 -0.04634558 -0.57676816 -0.6593212 ]
0.004813194274902344 [-0.0190634  -0.05884685 -0.53310734 -0.6371063 ]
0.0039217472076416016 [-0.07096997 -0.05433802 -0.4491022  -0.56189233]
0.00485992431640625 [-0.04055182 -0.06155949 -0.44757617 -0.55566186]
0.003916263580322266 [-0.00294059 -0.11896304 -0.38227767 -0.43506616]
0.003911495208740234 [-0.01934925 -0.10467641 -0.32666084 -0.36416107]
0.004979372024536133 [-0.02838755 -0.0864017  -0.35426214 -0.3215138 ]
0.004848957061767578 [-0.0469981  -0.07154248 -0.32783526 -0.2336577 ]
0.003970146179199219 [-0.05004196 -0.04344723 -0.26562798 -0.14994656]
0.003892183303833008 [ 0.00855351 -0.08177241 -0.20654806 -0.05460306]
0.005800008773803711 [-0.04542623 -0.10061878 -0.13604702  0.03391571]
0.0058879852294921875 [ 0.00104305 -0.04721291 -0.17824107  0.17957251]
0.003936052322387695 [-0.02444416 -0.06400921 -0.10970678  0.2622059 ]
0.003871917724609375 [-0.0438498  -0.07721097  0.036318    0.37059584]
0.0058231353759765625 [-0.01947051 -0.08905714  0.01841298  0.4573156 ]
0.003946542739868164 [-0.07254608 -0.09008454  0.0896821   0.5448004 ]
0.0038607120513916016 [-0.08094173 -0.07725686  0.13018322  0.6400787 ]
0.004881381988525391 [-0.03876547 -0.03902981  0.12130501  0.7123834 ]
0.005916595458984375 [-0.01608285 -0.08984808  0.17385761  0.8668574 ]
0.003911256790161133 [-0.01692345 -0.04227642  0.24032551  0.90927804]
0.004814863204956055 [-0.04333907 -0.07424944  0.22089227  0.9825398 ]
0.005854368209838867 [ 0.02334628 -0.06649002  0.32858855  1.0758238 ]
0.0039038658142089844 [-0.04055111 -0.05085555  0.30438128  1.1621064 ]
0.0039038658142089844 [-0.0344841  -0.03471609  0.3199835   1.2446456 ]
0.004881858825683594 [-0.01411921 -0.04825454  0.29656047  1.241643  ]
0.005853176116943359 [-0.00176684 -0.01468488  0.28533176  1.2596998 ]
0.003975629806518555 [-0.07572486 -0.03244592  0.26891986  1.3190061 ]
0.002856731414794922 [-0.01754788 -0.04894299  0.30900612  1.329085  ]
0.005855560302734375 [-0.02871401 -0.01986836  0.24868256  1.2611411 ]
0.004880428314208984 [-0.07149571 -0.05188061  0.2854752   1.1541299 ]
0.0039048194885253906 [ 0.00607265 -0.08332291  0.30631053  1.2371252 ]
0.00487971305847168 [-0.0169438  -0.05377108  0.25827485  1.1791039 ]
0.007809877395629883 [-0.00741821  0.03350389  0.19697095  1.1073127 ]
0.004878044128417969 [-0.03992849 -0.01385835  0.15064618  1.0740484 ]
0.004879474639892578 [ 0.00386933 -0.06340264  0.13447995  0.97234   ]
0.005855560302734375 [-0.0121341  -0.09043249  0.09879737  0.97481877]
0.004878520965576172 [-0.00179419 -0.02411329  0.13553587  0.9218631 ]
0.004879474639892578 [-0.00819193 -0.07753938  0.05350063  0.8753152 ]
0.005852699279785156 [ 0.03792671 -0.01730422  0.10257074  0.81764585]
0.003905057907104492 [-0.03493983 -0.02689226  0.0119676   0.74631196]
0.004878997802734375 [-1.4477659e-02  1.5776788e-04  7.7227792e-03  6.7574626e-01]
0.006833076477050781 [ 0.00812333 -0.03633877 -0.04134748  0.59719   ]
0.003903627395629883 [-0.00341221 -0.05751605 -0.01727154  0.5468371 ]
0.0039052963256835938 [-0.04461402 -0.03527332 -0.04377909  0.48318616]
0.003904104232788086 [-0.01196058 -0.05589072 -0.02756845  0.4524584 ]
0.0039021968841552734 [-0.06455351 -0.02226337 -0.01458015  0.4084398 ]
0.0039033889770507812 [0.00342682 0.02525497 0.02972263 0.3458226 ]
0.004479169845581055 [ 0.00750285 -0.08954109  0.14063875  0.30833238]
0.0058553218841552734 [-0.00571554 -0.03994894  0.08847763  0.2538289 ]
0.004880189895629883 [-0.04274727 -0.03269045  0.20675395  0.25948676]
0.0039052963256835938 [-0.02587191 -0.03525459  0.21491301  0.18506123]
0.006832599639892578 [-0.07260288  0.00267325  0.22256872  0.08287399]
0.004878044128417969 [-0.07079007 -0.00150104  0.28062892  0.04595889]
0.005859375 [-0.03406114 -0.04302612  0.2975958   0.06975268]
0.005849361419677734 [-0.00836566  0.0110516   0.294924    0.01875034]
0.005933284759521484 [-0.08744562 -0.04460677  0.3547441  -0.03419723]
0.004779338836669922 [-0.00955317 -0.03257981  0.43113756 -0.04069702]
0.0058574676513671875 [-0.00914356 -0.01331071  0.5659391  -0.02032961]
0.004879474639892578 [-2.3014715e-02 -9.1634333e-02  5.1741791e-01  4.3104513e-04]
0.0058557987213134766 [-0.01119912 -0.02005437  0.5755637  -0.07790074]
0.00585484504699707 [ 0.00679091 -0.02705478  0.56875587 -0.05260934]
0.004880666732788086 [-0.07896213 -0.00334909  0.43774152  0.01133326]
0.005856513977050781 [-0.00141831  0.03459021  0.33830035 -0.01328868]
0.005856037139892578 [-0.03956188 -0.03083447  0.18615746  0.02162592]
0.0048787593841552734 [ 0.01922502 -0.0585667   0.06967281  0.05403648]
0.005614280700683594 [ 0.00360349 -0.01974146 -0.07876641  0.07937905]
0.005856752395629883 [-0.01626664  0.06696344 -0.13511677  0.13241872]
0.004907846450805664 [-0.02213514 -0.03755427 -0.1235901   0.18199463]
0.005827426910400391 [-0.04680181 -0.02504637 -0.09394854  0.23657715]
0.00585627555847168 [ 0.04006396  0.03571514 -0.0307513   0.22590372]
0.004880189895629883 [ 0.02928791 -0.00229132  0.03457465  0.25001895]
0.004879951477050781 [-0.0506146  -0.06264372  0.06264579  0.32482743]
0.0058557987213134766 [-0.01065603 -0.03917868  0.01157212  0.31660062]
0.004880189895629883 [-0.06468119 -0.03315819 -0.04178573  0.38930163]
0.004880666732788086 [-0.0316068  -0.06757524 -0.05523156  0.38192934]
0.006830692291259766 [-0.04097615 -0.01858071 -0.08288417  0.3939215 ]
0.003904581069946289 [-0.02500688 -0.05289505 -0.07164619  0.39672264]
0.004880428314208984 [-0.02458397 -0.01382726 -0.07322978  0.36674175]
0.004879474639892578 [-0.04189215 -0.03231037 -0.03723869  0.3076037 ]
0.003903627395629883 [-0.08049698 -0.04015465 -0.0899181   0.3174737 ]
0.002927064895629883 [-0.03724761 -0.01336047 -0.10701446  0.31915256]
0.0048825740814208984 [ 0.00237602 -0.09665295 -0.09644599  0.21195763]
0.004878997802734375 [-0.0164171  -0.00551593 -0.07184145  0.23090412]
0.0039031505584716797 [-0.06948259  0.01051011 -0.02905625  0.16211043]
0.0029277801513671875 [ 0.03653483 -0.02253743 -0.05708013  0.17075972]
0.002928018569946289 [ 0.03203505 -0.04434866  0.02469349  0.11607236]
0.0048868656158447266 [-0.00431699 -0.02977741 -0.05110333  0.04213481]
0.0039043426513671875 [ 0.02608645 -0.04899342 -0.01955278 -0.03417467]
0.002928018569946289 [-0.04615935 -0.01211663 -0.06979413 -0.13212813]
0.0029289722442626953 [-0.04385168 -0.0318298  -0.03861944 -0.14531024]
0.004879474639892578 [-0.01724528 -0.02975638  0.01455494 -0.15934257]
0.004879474639892578 [-0.04543831  0.00409237  0.00680443 -0.28947976]
0.003904581069946289 [ 0.0330216  -0.04598545 -0.02024017 -0.30691597]
0.004881143569946289 [ 0.00288455 -0.0221692   0.03257883 -0.32797012]
0.0048787593841552734 [-0.01766069 -0.02801014  0.05324076 -0.42272073]
0.0039043426513671875 [-0.03473888 -0.00979602  0.07026195 -0.48852465]
0.003903627395629883 [-0.00936252 -0.00841179  0.06738124 -0.5517188 ]
0.005857229232788086 [-0.02401432 -0.06266108  0.10379733 -0.66302186]
0.005856513977050781 [ 0.00115117 -0.04542152  0.12048272 -0.67404103]
0.004872798919677734 [-0.0060933  -0.03580647  0.14988002 -0.7303926 ]
0.005860805511474609 [ 0.02001718 -0.01925821  0.0738539  -0.80765533]
0.004849433898925781 [-1.7389771e-02 -6.8161526e-04  1.4360015e-01 -8.1235844e-01]
0.003882884979248047 [-0.03029986 -0.0477843   0.10025183 -0.80466366]
0.006832599639892578 [-0.01284233 -0.05441278  0.11356973 -0.9881674 ]
0.00395655632019043 [-0.00104529  0.03146233  0.0174635  -0.90432245]
0.002945423126220703 [ 0.00358351 -0.05312786  0.04108924 -0.88318   ]
0.0058553218841552734 [ 0.01793762 -0.04451501  0.12293518 -0.7585167 ]
0.0058977603912353516 [-0.00321175 -0.07466762  0.1608861  -0.73978525]
0.004837989807128906 [-0.04534416 -0.05389569  0.34979737 -0.65430576]
0.005856513977050781 [-0.00937056 -0.02403622  0.34971425 -0.53047746]
0.004878997802734375 [-0.03432605 -0.03403332  0.364871   -0.46690938]
0.004880189895629883 [ 0.06374796 -0.01390135  0.39872926 -0.41323093]
0.0048809051513671875 [ 0.02320393 -0.0312206   0.4762534  -0.3651064 ]
0.005856513977050781 [ 0.03412244 -0.05182068  0.48764434 -0.13948296]
0.004942893981933594 [-0.04960931 -0.04640039  0.57324034 -0.06915332]
0.005791187286376953 [ 0.00916702 -0.03425586  0.59759223  0.01661083]
0.0039048194885253906 [-0.0361159  -0.02795894  0.55529153  0.13169152]
0.003904104232788086 [ 0.00356723 -0.00639267  0.6111537   0.23441933]
0.0029277801513671875 [-0.01105252  0.00314661  0.5706241   0.25083557]
0.004880666732788086 [-0.01584524 -0.06932317  0.57224363  0.3496679 ]
0.0039038658142089844 [-0.00504688 -0.06110663  0.52665067  0.3515692 ]
0.0039033889770507812 [0.0259977  0.01254282 0.5892954  0.4328268 ]
0.004880189895629883 [ 0.00448505 -0.01515929  0.57642114  0.49717754]
0.005855560302734375 [-0.03383846 -0.04554068  0.60598034  0.57678145]
0.003904104232788086 [-0.01697844 -0.04938845  0.5680856   0.57769996]
0.0039038658142089844 [-0.03486932 -0.05390777  0.52796614  0.57921714]
0.00585627555847168 [ 0.01037148 -0.09185529  0.5554815   0.58727497]
0.003933429718017578 [-0.04972047 -0.03449386  0.49833184  0.5300867 ]
0.004887819290161133 [ 0.00200043 -0.04487084  0.5204458   0.5755878 ]
0.0038678646087646484 [ 0.01570252 -0.07579459  0.4497293   0.56336117]
0.0048792362213134766 [ 0.04866217 -0.01364833  0.47365355  0.54876935]
0.003970146179199219 [ 0.05369572 -0.05888019  0.4195149   0.56530094]
0.005788087844848633 [0.03401877 0.03473893 0.41673997 0.47119004]
0.0039043426513671875 [-0.04898628 -0.0287307   0.4019956   0.48600873]
0.0048787593841552734 [ 0.0031096  -0.04679516  0.44558886  0.46351367]
0.003904104232788086 [ 0.0395601  -0.0644998   0.3891084   0.41294968]
0.004882097244262695 [0.06199104 0.00585046 0.3689198  0.33600926]
0.0039033889770507812 [-0.04489982 -0.09257416  0.40805927  0.32344452]
0.0039055347442626953 [0.08453248 0.00187752 0.41441873 0.34740886]
0.004881381988525391 [ 0.043347   -0.01690173  0.3656738   0.25816685]
0.005852937698364258 [-0.0190087  -0.08731803  0.43360206  0.19043708]
0.003904581069946289 [-0.02895969 -0.02056146  0.41600415  0.14546293]
0.004880189895629883 [-0.01637241  0.00809587  0.3989795   0.01314218]
0.0048809051513671875 [-0.01970806 -0.02488116  0.3851406   0.04813645]
0.0039038658142089844 [ 0.03818977 -0.0174854   0.457243    0.00494407]
0.0039043426513671875 [ 0.04014264  0.00294451  0.4114199  -0.0574071 ]
0.003935098648071289 [ 0.0278515  -0.02404325  0.39724258 -0.12952302]
0.005887031555175781 [-0.02245037 -0.04179394  0.45998842 -0.13389324]
0.0038721561431884766 [ 0.03098993 -0.03005585  0.5168371  -0.19909789]
0.0039033889770507812 [ 0.02029947 -0.02778967  0.50932264 -0.27882594]
0.004934549331665039 [-0.02438095  0.00527814  0.6036944  -0.34103054]
0.003862619400024414 [-2.6058970e-02  2.9031339e-04  5.4148567e-01 -3.9368972e-01]
0.00393366813659668 [ 0.0021655  -0.04744532  0.6124666  -0.4213637 ]
0.0038754940032958984 [ 0.04454133  0.00345149  0.60413796 -0.51517713]
0.004877328872680664 [ 0.06696855 -0.02412567  0.729048   -0.49252352]
0.003882169723510742 [ 0.02713101 -0.0905323   0.6108178  -0.47505453]
0.0039327144622802734 [ 0.01044159 -0.0354742   0.5307541  -0.50677437]
0.003904581069946289 [ 0.02861107 -0.09090612  0.46813425 -0.4285931 ]
0.004882097244262695 [ 0.049322   -0.02838474  0.34469843 -0.48467955]
0.004848957061767578 [ 0.04009266 -0.07704753  0.2291645  -0.43124515]
0.003903627395629883 [ 0.0186908  -0.00532648  0.207759   -0.3936593 ]
0.005888700485229492 [-0.02830944 -0.02736318  0.22905728 -0.3458417 ]
0.00492095947265625 [ 0.05449317 -0.0376886   0.20053057 -0.27260926]
0.003870725631713867 [ 0.0297295  -0.03503052  0.15198086 -0.21427365]
0.002953052520751953 [ 0.06036942 -0.05837823  0.06543908 -0.10547132]
0.005791425704956055 [ 0.03218232 -0.04283174  0.01327383 -0.02602222]
0.005856990814208984 [ 0.05695596 -0.0588901  -0.0118546   0.00724341]
0.0039675235748291016 [ 0.03133543 -0.0125353  -0.14095171  0.11048221]
0.004844188690185547 [ 0.05180621 -0.03562107 -0.0413491   0.24826294]
0.005994319915771484 [-0.02153927 -0.02708566 -0.06072701  0.28130814]
0.003837108612060547 [ 0.00805107 -0.03586811  0.00447795  0.3232108 ]
0.004811286926269531 [-0.02200804 -0.02438894 -0.01668177  0.3146359 ]
0.0058536529541015625 [-0.00145943 -0.04410284 -0.01434802  0.40299642]
0.003964662551879883 [ 0.01886075 -0.0576664  -0.03145939  0.44545195]
0.003902912139892578 [ 0.00425014  0.00847741 -0.05108718  0.39429292]
0.0057964324951171875 [ 0.04373902 -0.05890418 -0.03215456  0.4170621 ]
0.0039031505584716797 [ 0.01215824 -0.10687544 -0.04911136  0.5005844 ]
0.003876209259033203 [-0.00730753 -0.06398719 -0.01343425  0.5279967 ]
0.003904104232788086 [ 0.08062646 -0.04721498  0.00781637  0.4831555 ]
0.00490880012512207 [ 0.04666405 -0.03697412  0.01384843  0.50297403]
0.0038733482360839844 [ 3.6351918e-05 -5.9616636e-03  5.5807199e-02  4.6543562e-01]
0.0039038658142089844 [ 0.02125471 -0.0376658  -0.00943325  0.47801396]
0.0048830509185791016 [ 0.01199922 -0.03621419 -0.00119229  0.40408677]
0.004915714263916016 [ 0.04280237 -0.04345203  0.03312561  0.4305971 ]
0.0038652420043945312 [ 0.0286944  -0.04311612  0.03314596  0.41462392]
0.0039055347442626953 [-0.00689233 -0.00047458  0.0488279   0.447906  ]
0.0039043426513671875 [ 0.00645223 -0.02080813 -0.00459531  0.35405576]
0.004884243011474609 [ 0.01377675 -0.00549566  0.05896671  0.28859776]
0.003899812698364258 [ 0.00601333 -0.01683902  0.02735918  0.274787  ]
0.0029277801513671875 [ 0.00460211 -0.07043253  0.02635642  0.24699563]
0.0038750171661376953 [ 0.03302079 -0.0075308   0.03751715  0.18138576]
0.003932952880859375 [ 0.0083162  -0.05564307 -0.00045082  0.15845107]
0.004850625991821289 [-0.01577004 -0.05121979  0.008287    0.11907997]
0.003904104232788086 [ 0.00912728 -0.0093619  -0.01113091  0.05637001]
0.0048999786376953125 [ 0.01344025  0.00088347 -0.01856639  0.01702118]
0.004920482635498047 [ 0.00649459 -0.04538011  0.07026929 -0.01355525]
0.003843069076538086 [-0.04402836 -0.02294737  0.0339239  -0.10348888]
0.004901885986328125 [ 0.00100944 -0.04716032  0.04867452 -0.08414569]
0.005895853042602539 [-0.00777766 -0.02970632  0.06517786 -0.1667372 ]
0.004819154739379883 [ 0.05446806 -0.03100308 -0.02797556 -0.1844958 ]
0.004879951477050781 [ 0.02602887 -0.04382248  0.02463046 -0.18572974]
0.0058536529541015625 [ 0.02786604 -0.01751146  0.09831313 -0.26528907]
0.003904104232788086 [ 0.02104866 -0.03845901  0.02294836 -0.24322912]
0.004909515380859375 [ 0.01872662 -0.03130496  0.00360029 -0.35216105]
0.005860328674316406 [-0.00264396 -0.07232448 -0.03742511 -0.33156383]
0.004883527755737305 [ 0.04064472 -0.0478487  -0.02851469 -0.3587456 ]
0.0038683414459228516 [ 0.03450952 -0.03987098 -0.04344117 -0.35820156]
0.0048902034759521484 [ 0.02664114  0.01393555 -0.06504341 -0.3713069 ]
0.005845308303833008 [-0.01137305 -0.04088634 -0.05907582 -0.42127824]
0.003925800323486328 [ 0.02170025  0.01253584 -0.08239518 -0.38509256]
0.0029342174530029297 [ 0.0471869  -0.00715445 -0.14339925 -0.3754049 ]
0.004853963851928711 [ 0.06681228 -0.05065437 -0.07821707 -0.29141614]
0.006830453872680664 [-0.01385714 -0.04259636  0.01975099 -0.14934929]
0.0029363632202148438 [ 0.07693034 -0.0541739   0.08775386 -0.13894221]
0.0058269500732421875 [ 0.04464759 -0.03471038  0.1926761  -0.0505171 ]
0.004911184310913086 [ 0.01499911 -0.02452344  0.13980053  0.01839636]
