-0.026594288524152448 0.1038119710691463
-0.025897044444593904 0.11164412041322276
-0.02425502015136963 0.11522869524695883
-0.021868018660389163 0.11914007917103622
-0.018771544446925977 0.12334462088206118
-0.01281181029514734 0.1302293863863531
-0.006849876221077613 0.13632079419995202
-0.0029468554630946806 0.14005653890028863
0.0022477863876985598 0.14481783443865165
0.011145282522701961 0.1525859490540145
0.014513855998096119 0.15543551236313877
0.017945381544270243 0.15830009040898915
0.019967898278072597 0.1599735150324379
-0.05184815406799315 0.16013192834981205
-0.04952886581420897 0.16022867314382883
-0.047726850509643544 0.16030348013119522
-0.04367120742797851 0.16047009935421452
-0.041330604553222634 0.16056479256510783
-0.03896468162536621 0.16065913023572279
-0.037231187820434566 0.1607272365797724
-0.033129911422729474 0.16088439286285197
-0.030789737701416 0.16097121600499167
-0.028430681228637688 0.16105637824307661
-0.02669046401977538 0.16111755926584023
-0.023760347366332986 0.16121717896671373
-0.021419744491577134 0.16129348123036505
-0.019056110382080053 0.16136737993823555
-0.01729872703552244 0.16142016252756017
-0.014957981109619139 0.16148746680077214
-0.012050895690917949 0.16156606179094754
-0.010293369293212878 0.16161078041973614
-0.007910566329956053 0.16166791266714875
-0.006193952560424799 0.16170650582847093
-0.0038158702850341715 0.16175631599192652
-0.0015094566345214642 0.161800465104363
0.0008460235595703271 0.16184121734163284
0.00260211944580079 0.16186868952501157
0.004931421279907248 0.1619012233828813
0.00787255287170412 0.16193583179362395
0.010203428268432612 0.16195804909381634
0.011976404190063482 0.1619718270026216
0.014890356063842779 0.1619885584731347
0.017230672836303716 0.16199663686728927
0.019571847915649414 0.1619999195899296
0.021950073242187496 0.16199833214341985
0.024842424392700208 0.16198972289880617
0.028357048034667976 0.16196944276809355
0.03069822311401368 0.1619500054324782
0.032455177307128935 0.16193233674140856
0.03538457870483398 0.1618970733704348
0.03831154823303222 0.1618547093566609
0.040665597915649436 0.1618155737345319
0.04300777435302734 0.16177225626199412
0.045179576873779326 0.1617282775168459
0.04752218246459962 0.1616768348888758
0.04985291481018065 0.16162164770350715
0.05220696449279787 0.16156198728487325
0.05454971313476562 0.16149884422444516
0.057465810775756854 0.1614152258578663
0.059808416366577154 0.16134421418785141
0.062172193527221684 0.16126928212343736
0.06517798423767088 0.16116953081665045
0.06814243316650391 0.16106661137746262
0.0704488468170166 0.16098367369283204
0.07337696075439452 0.1608750994166166
0.07679259300231935 0.16074431988665863
0.07913834571838378 0.16065225786781942
0.08126980781555179 0.16056723510030171
0.08358423233032228 0.16047363970632703
0.0865123462677002 0.16035366048293984
0.08934118270874025 0.16023648145244407
0.0916833591461182 0.16013881542927993
0.09478013038635254 0.16000920984428987
0.08448652481440004 0.15900861522914203
0.08711688643541068 0.15746116503082702
0.09016906891026263 0.15469615253998334
0.09348398997674341 0.1503854816721647
0.09579957222830561 0.1464235795749627
0.09768602079111119 0.14244844315694685
0.09887465936058441 0.1394637410169079
0.10019757507380657 0.13543779421580704
0.10134388875745551 0.1306482592565478
0.10186399405227686 0.12698234052959223
0.10200439906548964 0.12361056433365603
0.10177596901669823 0.12056270712777609
0.10045227331407298 0.11576110137405232
0.0991525239729958 0.11335888978324833
0.0974799108024973 0.11122795910498076
0.09489088951263995 0.10891146509975817
0.0910128934729744 0.10653088121646943
0.08876680302613613 0.10548832404644394
0.08554816095198019 0.10426288796887839
0.08026877274380134 0.10270498471773824
0.07438224370140625 0.10138140530315415
0.07012210219167711 0.10059692691090164
0.06363185289573699 0.09958437576378014
0.05908729011903762 0.09896658470718038
0.054442677956438375 0.0983895831723849
0.04972105636433233 0.09784526499496266
0.04160827105412137 0.09698372698740111
0.03439792799926686 0.09628166389420169
0.030737647534697925 0.09594790576929081
0.022421490561747408 0.0952585095395791
0.01651178368106617 0.09484636571145406
0.011876631397665392 0.09458679986292938
0.007363471044549144 0.0944061089686474
0.0007185510653356288 0.09431872770842696
-0.003892651715217362 0.09443320208267593
-0.007900606048192187 0.09469821026227314
-0.012534339022395377 0.09527882116131427
-0.017460052113746412 0.09640472632566964
-0.01968582905273825 0.0971957584125748
-0.022208122363083123 0.09846452030821924
-0.02574630389187813 0.10187906903850222
-0.026672615470980265 0.10409840844919258
-0.026948471967086225 0.10670142146223416
-0.02616358850667386 0.11088055162483286
-0.02423275663291534 0.11527002177589893
-0.022241626965326864 0.11858054101297356
-0.019213420955498228 0.12278155966340489
-0.014100834922860192 0.12882711804353633
-0.009580616663400161 0.13359982979539603
-0.004593828872568631 0.13849942944446195
0.0007279143958467872 0.14344569700059656
0.007256795704676097 0.14924001962512784
0.013214731625568847 0.1543413664245286
0.017056346794904885 0.15756121841621432
0.01975981034291243 0.159801783231522
-0.05253108024597167 0.1601033717882926
-0.05018976211547849 0.16020115010336528
-0.0478354263305664 0.16029898400107934
-0.04435112953186033 0.16044237004385706
-0.04084165573120116 0.16058441002527996
-0.03849933624267577 0.16067750200011116
-0.03557036399841308 0.16079158992949172
-0.032035999298095696 0.16092525546953934
-0.029715423583984362 0.16101030546766085
-0.02734749794006348 0.1610946299250641
-0.024436550140380858 0.16119458240983692
-0.02151716232299803 0.16129036620390866
-0.019760351181030266 0.16134570429929357
-0.017372684478759757 0.16141797951663905
-0.014489631652832022 0.16150050931712548
-0.0121056842803955 0.16156463332268695
-0.0097879695892334 0.16162323843761334
-0.008012561798095681 0.1616655512361273
-0.005705718994140611 0.1617170816093365
-0.0033256340026855485 0.161766046571472
-0.0010029125213622898 0.16180960215674306
0.0007717800140380951 0.16184000073987623
0.0036750030517578216 0.16188423201442512
0.006006736755371103 0.16191472053746936
0.008384819030761732 0.1619411120597268
0.010700960159301769 0.16196218881886737
0.013065595626831064 0.16197894418559475
0.016563482284545898 0.16199482194198192
0.018320436477661153 0.16199876272763905
0.02066404342651367 0.16199980657919308
0.022988624572753903 0.16199608331943627
0.026502532958984373 0.16198148127868647
0.02886116027832033 0.16196565594847914
0.0312064838409424 0.1619451645573881
0.03352920532226564 0.1619202457084052
0.03648035049438477 0.16188204018579383
0.03882138252258301 0.16184661275246873
0.0411648464202881 0.1618067032891314
0.04351517677307132 0.16176230640361494
0.04584977149963381 0.1617139798650409
0.04878503799438476 0.16164742063716406
0.05111433982849123 0.16159015957036363
0.05343977928161621 0.16152921902144707
0.056368465423583994 0.1614473284801836
0.058709783554077154 0.16137793061589253
0.06107427597045898 0.1613044844157578
0.06339485168457032 0.16122929132422045
0.06693493843078611 0.16110905202436976
0.06927511215209962 0.16102617976760245
0.07163903236389162 0.16093996501802985
0.07548410415649416 0.16079490681822453
0.07841164588928223 0.1606809568484993
0.08080060005187988 0.1605860544886219
0.08314277648925782 0.16049158484338855
0.08720571517944337 0.16032503811852677
0.08956019401550296 0.16022736942786245
0.09190394401550292 0.16012959642626395
0.09485709190368653 0.1600059861114025
0.08449836085315802 0.15900330209322222
0.08793212684100297 0.15682782475988166
0.09090562483995275 0.15386240795936312
0.09346604168390761 0.15041288012815507
0.09673092503764047 0.14455939240725243
0.09846520560855515 0.14054444097508934
0.09987983353423255 0.13649874359403835
0.10113681246144388 0.13168884047932727
0.10175184479186435 0.12802181455499909
0.10200229669396753 0.12455990289281565
0.10187603158934662 0.12138300983126518
0.10137253284323258 0.11848106840289145
0.10019973609678286 0.11520969542171694
0.09882882420924138 0.11288557464492828
0.09658091153286492 0.11032435742539275
0.09311103879173513 0.10770356531326708
0.09039962662189442 0.10622735860031002
0.08734630382913253 0.1049144323607766
0.08311398971699316 0.10348823093118113
0.07839182177673396 0.10224543487253288
0.07444457097634231 0.10139379669170294
0.07021463245511572 0.10061279138781984
0.06476673871545283 0.09974892041589244
0.05906229196232936 0.09896334649970188
0.05437856900946035 0.09838193361225478
0.04961140689036919 0.09783304572885525
0.0424393302897448 0.09706833492694499
0.03762868526510565 0.09658915700101597
0.03285803752709059 0.09613928461901981
0.028052974145491644 0.09571394907680264
0.021993039727156265 0.09522611603430321
0.017333495149824373 0.09489878986527978
0.013842644502881854 0.0946888753297172
0.00921448423502171 0.09447032243272484
0.004825890259501079 0.09434387136466459
-0.0006334766858378057 0.09433469516504867
-0.003991438708397862 0.09443766689273868
-0.007901551453872873 0.09469829527554605
-0.013586272021019566 0.09546562835493969
-0.01605586216163225 0.09601142121912801
-0.019128140184310253 0.0969746390451375
-0.021714284881069253 0.09817353959311817
-0.024322294764190577 0.1000938738675963
-0.026365407678297956 0.10313834672590724
-0.026919127668776577 0.10559299878376786
-0.026456022324067612 0.10989970774555835
-0.02481059656139607 0.11415085045637177
-0.022545757132556278 0.11811353643467745
-0.020406840370584774 0.12120619725639477
-0.01598775006289855 0.12669907431383032
-0.011569343464271195 0.13154773762290167
-0.0067505734331172 0.13641791020315372
-0.00279858631355818 0.1401954668005586
0.0037437014225536946 0.14615362186487701
0.011298538797706054 0.15271650749998908
0.015537341187503875 0.1562935929431981
0.018612021364954982 0.1588527632953123
-0.0545265007019043 0.16001983356712324
-0.051013736724853494 0.1601667822951791
-0.04865439414978026 0.16026502232592899
-0.046328096389770486 0.16036125404907065
-0.04281275749206544 0.16050497271769038
-0.040451412200927746 0.16060002338351506
-0.038694314956665046 0.16066981200315247
-0.03578508377075193 0.16078332226511435
-0.031926708221435535 0.16092931165692378
-0.029567794799804682 0.161015637486391
-0.02720916748046873 0.1610994747896549
-0.0248996067047119 0.16117897003390574
-0.0225434112548828 0.16125722709488235
-0.020246438980102543 0.1613305720768868
-0.017917995452880843 0.16140177882848922
-0.015574674606323235 0.1614700751318672
-0.013221197128295897 0.16153510392817252
-0.010877447128295895 0.1615961582840638
-0.008548574447631832 0.16165301663196735
-0.006791477203369125 0.1616933199554245
-0.0038473415374755773 0.16175568499121504
-0.0007564353942871114 0.16181397451551688
0.0015807342529296968 0.16185301629945317
0.003325099945068373 0.16187926725794166
0.0065800857543945514 0.16192152057957435
0.008335609436035165 0.16194061451546282
0.010678215026855472 0.16196200421157217
0.013020105361938476 0.16197866751746462
0.015363283157348627 0.16199057682956067
0.017723340988159187 0.1619977268352175
0.019497890472412124 0.16199988941145366
0.021841354370117187 0.1619985129069156
0.02473756790161135 0.16199016279366932
0.027092761993408206 0.16197797331130442
0.02884370803833008 0.16196579071130213
0.03117415428161623 0.16194547904697196
0.03351604461669923 0.16192039975987935
0.037060852050781266 0.16187367395893357
0.03882724761962891 0.16184651838293782
0.04115468978881836 0.16180688571975851
0.042926807403564464 0.16177382548745142
0.04581415176391602 0.16171474828363022
0.04818250656127931 0.16166159974498362
0.050543708801269537 0.16160454266752805
0.05284125328063965 0.16154525655390115
0.05518400192260746 0.16148112133342088
0.057542915344238305 0.161412941872288
0.05988122940063478 0.16134195425205133
0.061641902923584006 0.1612863696652828
0.06396791458129884 0.16121026848556266
0.06690761566162112 0.16111000425173636
0.06867300987243652 0.1610477454957954
0.07101161003112794 0.16096308115439284
0.07333747863769531 0.16087658622538087
0.07568094253540039 0.1607873341537322
0.07802197456359865 0.16069628128241828
0.08037702560424807 0.1606029950203689
0.08270689964294434 0.16050926197143156
0.0862386894226074 0.1603649368836826
0.08916637420654297 0.16024375084603307
0.09094221115112305 0.160169767727565
0.093833703994751 0.16004884883470943
0.08571058425366877 0.15838099380656043
0.08820124714781587 0.1566022566883243
0.09111657975072116 0.15361107607349578
0.09373047636560373 0.15000438491487114
0.09589445569590627 0.14624153598338122
0.09779652152509663 0.14218928999944744
0.09898554219594656 0.13916005625416653
0.10026050803810337 0.13521834677197128
0.10120184830156599 0.1313749738408973
0.10178681415496099 0.12772560826185736
0.10198743759552101 0.12509900821526265
0.10197268665891393 0.12263999148108132
0.1016297433123654 0.11966480802982912
0.10089232907825471 0.11688037788528054
0.10009118775637336 0.11498831281326093
0.09905758181968931 0.11321624350605138
0.09783599195098716 0.11162484744587152
0.09588389333716225 0.10970291523374567
0.09353001892279846 0.10796744581891753
0.09085041935961873 0.10644894306099574
0.08860820218543633 0.1054213142469237
0.0854258952102106 0.10422124255209832
0.08005860267659404 0.10265147816640192
0.07509768517878802 0.10152544360779991
0.07095278031398455 0.10074105605650344
0.06450076400903819 0.09970994237016645
0.05883070971815773 0.09893342257830362
0.05413230748551291 0.09835262130021781
0.05055207354950415 0.09793845299709582
0.04348228747880047 0.09717562442565499
0.0374721604753819 0.0965739924443736
0.032611446927160406 0.09611674502630278
0.02785166547381569 0.09569680769484677
0.021861023624927384 0.09521620632642473
0.01835317783235942 0.09496620674064987
0.013610502853470088 0.09467617220224998
0.009042965862561916 0.09446376073145228
0.0035402709698112347 0.09432513319879955
-0.0018126262330595642 0.09435995828343643
-0.005962956823556695 0.09454750280158937
-0.009770870344613613 0.0948908031648669
-0.015133906342462457 0.09578813718810682
-0.01822594014832725 0.09665084875833854
-0.02099670035840224 0.09779182777545561
-0.024225738790685243 0.10000055969871302
-0.026287649844538026 0.10294566569799343
-0.02689755381414361 0.10536244185286298
-0.026695592178101035 0.10887699254937666
-0.02536829519546278 0.11295200150349961
-0.022864321675396235 0.11761199440235408
-0.019990220121487996 0.12176599704871191
-0.017402396498290066 0.1250319014803657
-0.012236268856240972 0.130843868908767
-0.007488207381503638 0.13569362791066078
-0.00236024812761824 0.14060504129160767
0.0016065281755607754 0.14424082552473444
0.008122791767652703 0.14999106562254963
0.012958552748619973 0.1541249182582997
0.01679355798374976 0.15734239878432546
0.01887289283243523 0.1590687328016135
-0.05449617385864259 0.16002110382841184
-0.0515686321258545 0.16014360910864342
-0.049787216186523445 0.1602179190620091
-0.04688342094421387 0.1603383513616392
-0.04337037086486817 0.16048233830522352
-0.041028194427490235 0.16057693289365876
-0.03927152633666992 0.16064698169196198
-0.03634284019470213 0.160761772562583
-0.03282950401306151 0.16089566159709728
-0.03107326507568359 0.16096081689956576
-0.02931631088256835 0.16102469813290077
-0.026383762359619128 0.16112819043514703
-0.023460083007812507 0.16122713484881704
-0.021703557968139643 0.1612843910678724
-0.019946889877319334 0.16133991363766792
-0.017604141235351537 0.16141112561876647
-0.014675598144531243 0.16149534776617963
-0.011748056411743155 0.1615739202772583
-0.009991531372070298 0.16161824247015755
-0.007649068832397447 0.16167393214200104
-0.005305891036987292 0.1617256087393856
-0.0029642868041991986 0.16177309973069234
-0.0012076187133788858 0.16180593412796146
0.0011349868774414209 0.16184591006797874
0.002891654968261733 0.16187297721355792
0.0058197689056396695 0.16191244331340682
0.008162374496459976 0.16193884658813995
0.009918613433837896 0.1619555835654455
0.0122612190246582 0.1619737873226543
0.0146042537689209 0.1619872427220685
0.01694600105285645 0.1619959101543201
0.019288463592529302 0.16199977792307094
0.021630926132202157 0.1619988333419477
0.024562616348266616 0.16199087538341858
0.027486867904663082 0.16197546265730742
0.029829187393188482 0.16195777028389538
0.03217179298400879 0.1619353642027846
0.035100765228271484 0.1619008044851373
0.03744265556335451 0.16186802031963227
0.03980614662170411 0.16183037859412175
0.0415867042541504 0.16179905387666424
0.0445090961456299 0.16174224054723108
0.04681164741516113 0.16169287021056086
0.049739618301391605 0.1616244207785395
0.05151459693908692 0.1615799351979876
0.05386206626892091 0.16151775909238084
0.05677730560302735 0.16143545639344425
0.05910961151123048 0.1613657436232591
0.0614639472961426 0.16129206847080113
0.06322619438171388 0.16123485630281797
0.06555134773254394 0.1611568084584288
0.06789381027221678 0.16107540656191494
0.0702540111541748 0.16099077138691473
0.07203328132629397 0.16092535640217911
0.0749203395843506 0.1608165204780634
0.07784873962402344 0.16070307918615243
0.0796056938171387 0.16063372101130471
0.08196446418762209 0.16053927317948608
0.08487669944763183 0.16042087392765747
0.08780738830566408 0.16030014520608682
0.09014641761779786 0.16020295642420807
0.09251148223876957 0.16010419160171938
0.09483978271484375 0.16000671115335247
0.08453296518517404 0.15898768447694195
0.08825361788094704 0.15655739908108823
0.09121363511880438 0.1534935391170161
0.09375426677520282 0.14996712200564868
0.09598375791086652 0.14606863170289455
0.09785301517720879 0.14205548972243434
0.09938494002273981 0.13802200268472392
0.10031726014159104 0.1350175079918805
0.10124143043060756 0.13117852483462317
0.10180109551322845 0.1275984822350435
0.10199999975660691 0.12337716318242756
0.1017284186149068 0.12024272726742496
0.10085171427165228 0.11676644510358836
0.09971731176820514 0.11428482763040153
0.0982254223035446 0.11208957267336318
0.0952533055235091 0.10918892696923158
0.0927827427503838 0.10750444569772372
0.09004112990042837 0.10605689644385591
0.08691105115886281 0.10474961419184828
0.08357367105918531 0.10362629946503597
0.07797647310117023 0.10214897829357879
0.07400731705407225 0.10130747905146592
0.06981318808557203 0.10054429882711524
0.06434073666274308 0.09968661509265343
0.05974347967876346 0.09905215961058517
0.05511096814034526 0.0984697939738477
0.05040094607933831 0.09792142873603842
0.04563480295199523 0.09740108272527177
0.04083571970140673 0.09690576755541766
0.03599480258343115 0.09643219231829468
0.03122258271276268 0.09599118072407128
0.025311021056102966 0.0954856959675999
0.020488559695840205 0.09511525096641053
0.01581916927320067 0.09480356316670158
0.011246348235922068 0.09455684614691152
0.005538343760122596 0.09435810076681644
0.0011003972051295465 0.0943165719608195
-0.003142090765213499 0.09440229469707173
-0.00811155258707253 0.09471747362580918
-0.011857361334921887 0.09517083247459074
-0.016096955948437998 0.09602197696056261
-0.019120032194276194 0.09697154922827601
-0.021686755411331665 0.09815804182985656
-0.024733030375321468 0.10052092930231157
-0.026335563868682445 0.10306271018203092
-0.026909276196883356 0.10548021439162715
-0.02680799483226052 0.10823986279211492
-0.025650344853986658 0.11228137966882201
-0.023912895276288846 0.11585041098447
-0.021350963101255813 0.11989164878634705
-0.018091002207688313 0.12419342399420806
-0.013143604968776045 0.12987199888676118
-0.008418001114427427 0.13477072345626365
-0.003342611452043323 0.1396847336795963
0.0019410061194727235 0.14454213204645597
0.00958753699618236 0.15125349767720334
0.014158412327181036 0.15513671882201613
0.017704523326811904 0.1581001250690538
0.01972364969149114 0.1597719309041272
-0.053804664611816384 0.1600500648615508
-0.051462631225585934 0.16014803744514922
-0.04909742355346681 0.16024661725872974
-0.046776704788208 0.16034275619610083
-0.04443567276000975 0.16043891572608485
-0.04204786300659181 0.16053590834505554
-0.039728717803955066 0.16062883123057198
-0.03794887542724607 0.16069915088502745
-0.035064821243286116 0.1608109920549744
-0.03213785171508789 0.16092147099317103
-0.02977364540100098 0.1610081999684176
-0.02799337387084961 0.1610718879267785
-0.025110321044921877 0.16117182880762906
-0.022768144607543925 0.16124989206442072
-0.020425825119018533 0.1613249527514025
-0.018623952865600566 0.16138053421754492
-0.015144519805908209 0.1614822321786407
-0.012791614532470692 0.16154657575676107
-0.010428123474121097 0.16160742821853002
-0.008106546401977536 0.1616633685464644
-0.005766515731811508 0.1617157744361438
-0.0030702877044677754 0.16177104120021482
-0.0013226318359374856 0.16180385869567776
0.0010608863830566442 0.16184471312468796
0.003063745498657224 0.16187549305300514
0.005354995727539078 0.16190665550746605
0.007738084793090842 0.16193440879395912
0.010666198730468746 0.16196190650344272
0.012986631393432639 0.16197846278437744
0.015329236984252944 0.16199043804863547
0.017688293457031264 0.16199765632281146
0.020599384307861335 0.16199984241232016
0.02294198989868165 0.1619962045596322
0.025891561508178722 0.16198479358103007
0.02825819969177247 0.16197015957113184
0.03057634353637697 0.1619511334352998
0.032898492813110344 0.16192746420591544
0.0364564609527588 0.16188237853190535
0.0387987804412842 0.16184697615981566
0.04111821174621583 0.16180754025413704
0.04461137771606445 0.1617401326316671
0.04699718475341798 0.1616887190353218
0.049339361190795905 0.16163414423777084
0.051445932388305686 0.16158169711014986
0.0537646484375 0.16152041336330242
0.05669319152832032 0.16143790756407855
0.05905124664306643 0.16136752860904038
0.06135608673095704 0.16129551383883034
0.0637222957611084 0.1612184433177022
0.0666486930847168 0.1611190098898792
0.0690104675292969 0.16103567894840728
0.07133275985717774 0.16095126954873754
0.07426774024963383 0.1608413975425515
0.07776276588439943 0.160706449446589
0.0795104217529297 0.16063750485949593
0.08189708709716798 0.16054199039525904
0.08478056907653811 0.160424809603386
0.08829347610473634 0.16027999939262796
0.0906812858581543 0.16018065530490694
0.09297825813293457 0.16008466122108467
0.08155926168745516 0.1598823857876795
0.08530609676608501 0.1586059531493507
0.08783834807919949 0.15690449029017456
0.09082607090039138 0.15395572451769393
0.09398839514060628 0.14959583448871983
0.09620442065389057 0.14563473365173937
0.09803735581801366 0.1416125411135958
0.099176962807688 0.13862363887827747
0.10066470495562256 0.13371813594054038
0.10161521815871094 0.12903225972510346
0.1019689388789038 0.12552673445484108
0.10194944006615606 0.12224650608593954
0.10139456725379085 0.11856995780564243
0.10050650128919938 0.11588701754183013
0.0996050750724321 0.11408909130627798
0.09802740190213047 0.1118489786966397
0.09612919925952931 0.10991473664552572
0.09319330624966952 0.10775449302657841
0.09115834117188855 0.10660520222054418
0.08818923573367213 0.10524797409365981
0.08410397757802317 0.10379009559080593
0.07858909855422162 0.10229188072809028
0.07359980615538082 0.10122829506130569
0.06938928739800658 0.10047290530027803
0.06389768349537747 0.09962250889786567
0.05820781771815394 0.09885359253630563
0.053492812696886785 0.09827702600023709
0.04881578479054357 0.09774490167728936
0.04184992947488751 0.09700824961754084
0.03578619405905055 0.09641236476239522
0.03097187122981251 0.0959687702310012
0.026125583294111108 0.09555229428550485
0.021462899885638487 0.09518652900334112
0.01675861287019453 0.0948619290573638
0.01207290149084585 0.09459641175072532
0.008663953731209088 0.0944496923980575
0.004218312981157816 0.09433387197164321
-0.00018333867771681313 0.09432789371284715
-0.005319217522443085 0.0945071381716157
-0.009188571103141986 0.09482540107457028
-0.013713516393300882 0.09548990419192685
-0.017022288034363293 0.09627456706066032
-0.019918072626173046 0.09729311457527977
-0.022386851831873666 0.09857633657912857
-0.025212478832283978 0.10109620103387564
-0.02638695473383735 0.10319437098687752
-0.026919010603201544 0.10559156280663948
-0.02663222771520969 0.10917881050650188
-0.02519252255592411 0.11334564182778033
-0.02321518985052049 0.1170431419652279
-0.02044669498870475 0.12115204107899763
-0.016006208669449636 0.1266777517210005
-0.011802745240685761 0.13130237099362707
-0.0057488874464216655 0.13739106735003193
-0.0004992507496816099 0.14232583049695535
0.006057287812510518 0.1481936256835057
0.012214213286928694 0.1534946723435525
0.01537753203454927 0.156159828360821
0.0190254441023212 0.15919494973436368
-0.05427229881286623 0.16003048069597403
-0.05190780639648437 0.16012943497881757
-0.04956591606140138 0.16022713129563607
-0.04665940284729004 0.1603475959949817
-0.04370224952697755 0.16046883539626275
-0.04136507987976075 0.16056340709685565
-0.03902447700500489 0.1606567649470766
-0.03552215576171875 0.16079344396591694
-0.032019548416137696 0.1609258663317641
-0.0296556282043457 0.161012466308562
-0.027874784469604487 0.16107607841307994
-0.02424142837524413 0.16120112755597946
-0.021853332519531237 0.16127957567717446
-0.0198503303527832 0.16134291366326572
-0.017553930282592754 0.1614126152877034
-0.014625673294067368 0.16149673567484357
-0.012847547531127913 0.16154508915811178
-0.010485773086547833 0.161605990190702
-0.008397798538207999 0.1616565636388864
-0.006662874221801739 0.1616961803686433
-0.0037354755401611344 0.16175792444698067
-0.001956777572631833 0.16179222779692667
0.0004047107696533349 0.1618339203947692
0.0028743457794189655 0.16187272281844112
0.005205793380737307 0.16190475916107697
0.007548398971557615 0.16193237537195393
0.01021115303039551 0.16195811499392507
0.011990423202514661 0.16197192513486536
0.015482587814331058 0.16199105515797382
0.017823762893676758 0.1619979229140751
0.020188255310058592 0.16199998445426947
0.02194749832153322 0.16199833654445248
0.025438804626464855 0.16198703852298477
0.02778012275695801 0.16197350713171446
0.03074299812316896 0.16194958784532373
0.03308588981628418 0.1619253545126529
0.03597824096679688 0.16188905228663494
0.03835618019104006 0.16185400899574529
0.04069821357727051 0.16181500028261703
0.043005342483520524 0.16177230346846663
0.04534737586975099 0.16172472960848291
0.04768983840942384 0.1616729969564045
0.05063726425170899 0.1616022001989483
0.052960271835327165 0.16154208670802495
0.05590869903564454 0.16146055257371755
0.05883323669433596 0.16137417796278383
0.06119415283203127 0.16130067404115842
0.064126558303833 0.16120497137319828
0.0670324993133545 0.16110564896313392
0.06939298629760741 0.1610219386157141
0.07173516273498537 0.16093640884534757
0.07464897155761721 0.1608268838116364
0.0775725078582764 0.16071389960133134
0.07992012023925783 0.16062121535326404
0.08227588653564452 0.1605267001212976
0.08575460433959962 0.16038485467314703
0.08871390342712404 0.16026255138395218
0.0910387706756592 0.1601657373050788
0.0941062164306641 0.16003743653213157
0.08337136068467331 0.15944411280553106
0.08730146897887195 0.15732429204471154
0.09000376370407046 0.15487406199216927
0.09334435037093552 0.15059739792344332
0.09616422269521192 0.14571449242901804
0.09799017064595616 0.14172686448564062
0.09980688662769177 0.1367323563578104
0.10110326748747359 0.13184673709320516
0.10173300732044926 0.1281736814046569
0.10196574199136249 0.125589409388978
0.10189297235668843 0.12155277399105217
0.10140701210931972 0.11862099620376343
0.10053614603804423 0.1159571002908811
0.09926511111703291 0.11353248423100896
0.0976248818426156 0.11138654760988367
0.09506966548922302 0.1090468026513099
0.0921888043559342 0.10715993777658267
0.09005797807586886 0.10606479783708969
0.0861894710230058 0.10448662111579748
0.08093372829625757 0.10287794733508625
0.07659693407419739 0.10184084735660284
0.0725238390966851 0.10102478902795341
0.06829536563850898 0.10029288026709227
0.06162649965821742 0.09930422002061644
0.056949833809787145 0.09869516158373935
0.05231428647069158 0.09813961391583231
0.04637128599530485 0.09747951791831654
0.04042107443524162 0.0968641974657856
0.03560377626048928 0.09639506646461436
0.030790769318798497 0.09595263166614677
0.025996896698469718 0.09554170264059234
0.02005774495400369 0.09508436746689716
0.015371306586655243 0.094776586594958
0.011905220360312349 0.09458819165141677
0.0073645670828183995 0.09440614253775916
0.0029395056647802857 0.09431961037324939
-0.00134244740789575 0.09434855797811045
-0.005450314507674173 0.09451499108695256
-0.009349595770841776 0.09484297334882766
-0.01299470461067687 0.09535760922057736
-0.016334166723805662 0.09608397277271742
-0.019324802107820453 0.09705065415093812
-0.021906859875170916 0.09828402208159866
-0.024468486980670508 0.10024001402992778
-0.026409502456538708 0.10325435157632036
-0.02686405442612068 0.10508535171014342
-0.02661055827344992 0.10927569179171465
-0.02512046058171603 0.11350246488189353
-0.023088518833171628 0.11725063688392823
-0.020309669674629334 0.12133778365594289
-0.015850827031340615 0.12685691205613528
-0.011568784118997205 0.13154832442328904
-0.00680146828368065 0.13636815098378208
-0.0015986307695765678 0.14131272444171572
0.0036998932662977344 0.14611469874771082
0.010082514938301026 0.1516779801309413
0.014541141649982625 0.15545843204197096
0.01796429025372153 0.1583157823196004
0.01997408319203072 0.15997861795212936
-0.051832275390625 0.1601325920183401
-0.04948995590209959 0.1602302922338343
-0.04656055450439451 0.1603516727831847
-0.04332859992980956 0.16048403617162862
-0.04040120124816892 0.16060202939857984
-0.038341836929321284 0.16068370555936426
-0.03541343688964844 0.16079762220378416
-0.0330712604522705 0.16088659571337013
-0.030142860412597648 0.160994813129009
-0.027800540924072255 0.16107869851280182
-0.02574074745178221 0.16115032757264136
-0.022812633514404268 0.16124843671064662
-0.020470170974731427 0.1613235607177235
-0.018127851486206055 0.16139549536010284
-0.015785388946533203 0.16146407631591436
-0.013138942718505863 0.16153731014624576
-0.010796480178833012 0.16159819956686172
-0.008454017639160158 0.16165524301268433
-0.006111698150634763 0.16170830009591128
-0.0037693786621093655 0.16175724675577333
-0.0014273452758789085 0.16180196001989774
0.0009152603149414267 0.1618423478873815
0.00473386764526367 0.16189863866634419
0.007075757980346698 0.1619271760832434
0.009139270782470723 0.16194848166484357
0.011477012634277351 0.16196822047424536
0.014405984878540052 0.16198628904648346
0.01674758911132814 0.16199536168646267
0.019089908599853538 0.16199963669272083
0.02143251419067384 0.1619990999170912
0.02436148643493654 0.1619916615703188
0.027593154907226577 0.16197476250468185
0.029349536895751975 0.16196177836441497
0.03169171333312989 0.1619403373726416
0.034621686935424834 0.1619069501866786
0.03754908561706543 0.161866423028423
0.03989126205444337 0.1618289387813833
0.04223343849182132 0.1617870543738098
0.045303030014038084 0.16172566932109259
0.04822055816650391 0.16166071209740893
0.05056244850158691 0.1616040739505672
0.05349556922912598 0.16152771184486076
0.0558363151550293 0.16146262221725283
0.05873310089111329 0.16137722253461023
0.06107484817504884 0.16130446624732456
0.06341688156127928 0.16122856329725727
0.06634585380554199 0.16112950123202216
0.06870462417602538 0.16104661726880123
0.07106883049011231 0.16096097981131935
0.07396747589111327 0.16085279109170264
0.07688672065734864 0.16074065885016467
0.07926895141601563 0.1606470837496595
0.08157093048095705 0.16055512844096703
0.08449947357177735 0.16043630800268155
0.08744375228881837 0.1603151958035752
0.08922416687011721 0.16024134790081454
0.09156648635864259 0.16014369875817552
0.094454402923584 0.16002285341953795
0.08308900967696022 0.15953413638027805
0.08662777726392752 0.15780559877834438
0.08972820355473099 0.15516324701519854
0.09246248220657821 0.1518712066169481
0.09541788777608567 0.14713898541460668
0.09692162393346634 0.14415520346829983
0.09862990765043449 0.14011709110677936
0.09998876685666847 0.13614328781454338
0.10101236671498635 0.13226229191894456
0.1016855464928732 0.12853652588167722
0.10198872068223601 0.1250631891412934
0.1019718413706534 0.1226236020632383
0.10161320181184892 0.11957667982164337
0.10087968693384816 0.11684463988901242
0.10006305182995584 0.11493230154968832
0.09864803280402323 0.11263621690892094
0.09735153181621455 0.11109076486393699
0.09528302015119665 0.10921222894245781
0.09281570797177295 0.10752414972850548
0.09008895839469955 0.10607935470045163
0.08775447818317246 0.1050734977612472
0.0836205528517972 0.10364058157980222
0.07997155925305052 0.10262947660462586
0.07602341303467504 0.10171792657173001
0.0719558138449427 0.10092044256426451
0.06550471426954488 0.09985845826937872
0.06101359209117029 0.09922107397978157
0.057480255012950655 0.09876152047014854
0.05289774874615253 0.0982073424651296
0.04577041920620587 0.09741547497476978
0.03976760381873081 0.09679906796497471
0.03606836090565482 0.09643919538263396
0.03129040688849829 0.0959972570108124
0.026543335790200896 0.09558685583362113
0.019419905307198938 0.09503938325453481
0.015815469794217545 0.09480333804768293
0.011196326372532168 0.09455452957935936
0.005643257803650428 0.09436041776437434
0.00016895169203025824 0.09432361772761669
-0.00357381171461619 0.09441942816816348
-0.007610652804569195 0.09467268976361169
-0.013094869495056793 0.0953753518776846
-0.017268163385188724 0.0963467785001891
-0.02013730384846655 0.09738806705897021
-0.023088821156113 0.0990544176552799
-0.02530337359223856 0.10121708079337799
-0.02662550404174095 0.10392143495188469
-0.026952038413523737 0.10646974890953027
-0.026382005525047856 0.1101675407650108
-0.024666045884600002 0.11444069286181481
-0.022420091957585937 0.11830782968597212
-0.02021819718615056 0.12146107631200455
-0.015717085116556288 0.12701052892201142
-0.010313275882473057 0.1328514795586907
-0.006605353887696766 0.1365597187985468
-0.0013776099224435767 0.14151718256916376
0.003818409620767035 0.1462199729556904
0.01136309850384339 0.15277147802388352
0.015589542479209734 0.156337269734817
0.018643573622398508 0.15887889359726126
-0.054689865112304684 0.16001299080844808
-0.051762895584106426 0.16013549165829244
-0.04940112113952636 0.16023398818427279
-0.047077398300170895 0.16033034040577535
-0.04424226760864259 0.1604468159451282
-0.04188278198242185 0.1605425671601045
-0.03951714515686034 0.16063723791423573
-0.036610631942748995 0.16075138893502586
-0.03368294715881347 0.16086355643758302
-0.031669931411743166 0.16093882237736049
-0.029326467514038067 0.1610243327515231
-0.026397209167480458 0.1611277253023204
-0.023731021881103494 0.1612181534409063
-0.020821218490600577 0.16131250100469774
-0.018838243484497065 0.16137402557542083
-0.015929012298583962 0.16145997116127223
-0.013018779754638672 0.16154052494027404
-0.011262111663818361 0.16158639778526873
-0.00891993522644042 0.16164421013637778
-0.006556158065795883 0.16169854462946348
-0.004235439300537111 0.1617478409890963
-0.0018928337097167762 0.16179341496092017
-0.00013573646545409805 0.16182477094633063
0.002814121246337889 0.16187183577395042
0.005134124755859385 0.16190384164618216
0.007494039535522457 0.16193178701782437
0.009819765090942392 0.16195471160420805
0.012190122604370128 0.1619733045561396
0.015091629028320333 0.16198944132350931
0.01684600830078125 0.16199563805292333
0.01922494888305664 0.16199973650742366
0.020945568084716808 0.16199960781710893
0.023889131546020504 0.16199336894910127
0.026256771087646506 0.16198285268210136
0.028575916290283214 0.1619678256031786
0.030917806625366216 0.1619479411112946
0.032657880783081066 0.161930129447715
0.03618866920471191 0.16188613898256965
0.038530702590942406 0.1618512548582
0.0402939510345459 0.16182204817633586
0.042621107101440445 0.16177970425986155
0.045541067123413104 0.16172060775634522
0.04792444229125976 0.16166759185360396
0.049680681228637724 0.16162585972222984
0.0519882392883301 0.16156769286408737
0.054910058975219736 0.16148880792245873
0.05727426528930663 0.16142088381829858
0.05903250694274904 0.16136810129622547
0.061374254226684556 0.16129493398074368
0.06369425773620606 0.16121937444959972
0.066036434173584 0.16114017360540886
0.06839191436767578 0.16105775675980502
0.07073924064636232 0.16097306453371227
0.07306453704833986 0.16088684814985227
0.07540657043457032 0.16079788595387698
0.0777486038208008 0.16070700439484592
0.08010894775390626 0.16061369214887863
0.0830197525024414 0.16049657833490955
0.08596446037292481 0.16037622483701403
0.08830263137817382 0.1602796196691205
0.09121772766113284 0.16015826580886633
0.09414627075195312 0.16003575902162123
0.08252339700200761 0.15969019077104443
0.0861275794210785 0.15813070187374173
0.0893308903366148 0.15556412059795705
0.0927644586901361 0.15144735018034233
0.09566835873140854 0.14667253878577308
0.09759062407044106 0.14266951191001986
0.09918531961522951 0.13859985385896634
0.10042054879454977 0.1346443631936356
0.10130648833215443 0.13084572147750115
0.10184550019867966 0.1271746468510414
0.10200168076870371 0.12459207393211538
0.10188351868166513 0.12145649221900953
0.10138541276605594 0.11853280225620132
0.10048516381081679 0.11583712604259476
0.09921147175802163 0.113449162067397
0.09758388925237765 0.11134129972740082
0.09441316075751796 0.10856353779390827
0.09185777925957848 0.1069760980227764
0.08819591729583202 0.10525069766003069
0.08405780440644624 0.10377563548012074
0.07946940843421933 0.10250432029556908
0.075575922050093 0.10162399319135493
0.07145451768773452 0.10083003217494498
0.0654448934486536 0.09984950131154446
0.060903683215658685 0.09920627932172335
0.056328471098766535 0.09861821434618033
0.051636618488138435 0.09806166606604805
0.04568858515555915 0.09740678762785958
0.04081397636407802 0.09690358297227598
0.034824154870413564 0.09632155908090093
0.030016794757219516 0.09588413713588467
0.024034463870307346 0.09538352182366171
0.019223445176544254 0.09502570996546257
0.014512549452787057 0.09472646036344069
0.01102231662878785 0.09454654169865517
0.005458146767661451 0.09435636750004689
0.0010600065602158675 0.09431675278776673
-0.0031868923525836066 0.09440399295572846
-0.00628201346303068 0.0945692248488064
-0.010074067325978497 0.09492693574091296
-0.014513417790967549 0.09565146968360748
-0.017735570342189567 0.09649046342168593
-0.02052268931381404 0.09756262101938216
-0.02342627867703896 0.0993098400074539
-0.02585809828806008 0.10207024821952593
-0.026726388175089884 0.10432210834236182
-0.026663184266520375 0.10903511527496619
-0.024863215303363804 0.11404347201021357
-0.02206503271748259 0.11884686638098742
-0.017172841822616476 0.12530725348726554
-0.010823781628993815 0.13232488939110906
-0.005942890992635405 0.1372034870403726
0.003249997816811809 0.14571430118227524
0.010848994556539308 0.1523332781003442
0.01517436494038806 0.1559896570976859
0.019404221934840305 0.1595081019917767
-0.053190832138061535 0.1600757641135923
-0.051433591842651345 0.1601492504797602
-0.049091129302978494 0.1602468788974323
-0.04439590454101561 0.1604405407718306
-0.04145691871643065 0.16055971491589136
-0.03911417007446289 0.1606532150839052
-0.0356211471557617 0.16078963599167143
-0.032678871154785134 0.16090129874384335
-0.030352573394775376 0.16098718290457703
-0.027424316406249993 0.16109193547651163
-0.023323040008544908 0.16123166268530684
-0.020960979461669922 0.16130807807113412
-0.018615798950195307 0.16138078132779685
-0.015711574554443337 0.1614661809849756
-0.013368682861328121 0.1615311366795272
-0.011007909774780259 0.16159285949607016
-0.008652000427246074 0.16165057399939847
-0.005756645202636699 0.16171598684877211
-0.003391008377075186 0.1617647597076116
-0.001040964126586894 0.16180892284374798
0.0012933444976806676 0.16184845310744347
0.00363037109375002 0.16188360435899202
0.0065589141845703225 0.16192127440103923
0.008901376724243171 0.1619462103072734
0.011243696212768571 0.16196646167825712
0.014171810150146505 0.16198511854848188
0.0170996379852295 0.16199631117462748
0.0194654178619385 0.1619998746450241
0.02180115699768068 0.1619985771180697
0.024127025604248058 0.16199253342994027
