0.000384798419115187 1
-0.0008883655992413091 2
-0.0017600086782583275 3
-0.0023375909325847716 4
-0.002743423541529784 5
-0.002952491931602498 6
-0.0031593836443697112 7
-0.0033752794119395113 8
-0.003639422283946066 9
-0.0039652650055281 10
-0.004362569476443111 11
-0.0048394724990296345 12
-0.0053891894567035985 13
-0.006006960034028903 14
-0.006675383091254128 15
-0.007385680393961417 16
-0.008149292418440474 17
-0.00898076738283973 18
-0.009845363932696468 19
-0.010725494204879499 20
-0.011630383265988682 21
-0.012566772801123156 22
-0.013570382425224696 23
-0.014657504934684016 24
-0.015789779720670506 25
-0.0169384536270638 26
-0.01808956913495568 27
-0.019191195536826515 28
-0.020258970687411275 29
-0.021223664596825884 30
-0.02218288381144802 31
-0.02314270436955802 32
-0.024103127396873796 33
-0.025064235754252404 34
-0.02602652725749722 35
-0.026989813216211446 36
-0.02796627168991018 37
-0.028958570175028134 38
-0.029976315052982882 39
-0.03103620518312605 40
-0.03213553278284531 41
-0.03327508949970485 42
-0.03445455922735356 43
-0.03566420843272111 44
-0.03688878032409054 45
-0.038078213501774344 46
-0.03921072770198486 47
-0.04026807438842245 48
-0.041250059861268173 49
-0.042116309084336764 50
-0.04283990570173624 51
-0.043421881415767215 52
-0.04389630487254279 53
-0.04425414269269896 54
-0.04460527994596585 55
-0.044710984273032064 56
-0.044511011038692955 57
-0.0440514258803371 58
-0.04343755730438708 59
-0.04266707317012089 60
-0.041819704324167845 61
-0.04083751103141383 62
-0.0397893017510088 63
-0.038663400690132514 64
-0.03731624568143065 65
-0.03571407216976334 66
-0.034185831997172 67
-0.03366066194599394 68
-0.03288502298749204 69
-0.0320881299383679 70
-0.03148763582991271 71
-0.03153855615355921 72
-0.032291125621020336 73
-0.032823463919493416 74
-0.03358749569491607 75
-0.03464678477312427 76
-0.03613304474780342 77
-0.03792138212413597 78
-0.03974555164846309 79
-0.04166915828008094 80
-0.043664246341879515 81
-0.04554832145975091 82
-0.04750198103678016 83
-0.04952850189791072 84
-0.0515930359950241 85
-0.05359117194444358 86
-0.05560046083800814 87
-0.057576811181095484 88
-0.05954461842124292 89
-0.06147787670732326 90
-0.06330641007597126 91
-0.0650407841536474 92
-0.06666708379380185 93
-0.06813340852844545 94
-0.06942871141863452 95
-0.0705472197402404 96
-0.07148986048856233 97
-0.0722579821344609 98
-0.07284077205240078 99
-0.07324910460689897 100
-0.07348041564853232 101
-0.07351504102841291 102
-0.07335157267277735 103
-0.07299756081837358 104
-0.07246980308591579 105
-0.07178329859758377 106
-0.07094781354471184 107
-0.06998894724339817 108
-0.06892871548812499 109
-0.06762654488555442 110
-0.06618772400294946 111
-0.06461015097048417 112
-0.0627974950826432 113
-0.06080796334683582 114
-0.05869331517489492 115
-0.0564937196321181 116
-0.054208730349545924 117
-0.051863780591274534 118
-0.049448392435705625 119
-0.046961729481750425 120
-0.044332295470322795 121
-0.041683283978603325 122
-0.03905080171269249 123
-0.0364945979488706 124
-0.03426362331611281 125
-0.032376989325237526 126
-0.030858335205026344 127
-0.029719993647154382 128
-0.028947854036136166 129
-0.028491217130068077 130
-0.028294055599268068 131
-0.02835071964341847 132
-0.028697739143884217 133
-0.029174141320168892 134
-0.029721023049585883 135
-0.030302102737002564 136
-0.03093300892249718 137
-0.03161793591111242 138
-0.03234157910243425 139
-0.033103643914335526 140
-0.03386817776315549 141
-0.03461839927888644 142
-0.035362979163168586 143
-0.036088802960614806 144
-0.03659251085000569 145
-0.03683917466076307 146
-0.0370436704112174 147
-0.037198182146547056 148
-0.037332192542894535 149
-0.037477891660436864 150
-0.03765151589245734 151
-0.037876945115466985 152
-0.0381569637478278 153
-0.03848567726446184 154
-0.03885441062472102 155
-0.039249448318996315 156
-0.03965419582160973 157
-0.040053268608570856 158
-0.04043741194039982 159
-0.040794612304985794 160
-0.04112023381959664 161
-0.04143591839895612 162
-0.04171598674100679 163
-0.04195836612380785 164
-0.042171384239929534 165
-0.042338441206117114 166
-0.04246140845157301 167
-0.04254993083764681 168
-0.042617496416222624 169
-0.04271247071906009 170
-0.04294075120516791 171
-0.043208497673586886 172
-0.043483880488440756 173
-0.04378875466404521 174
-0.0441287897224323 175
-0.04449846043890479 176
-0.044864825185973005 177
-0.04519027289074827 178
-0.04534388173450573 179
-0.04536877413212147 180
-0.04531786753724951 181
-0.045139530232806285 182
-0.04489302719412603 183
-0.044612720048813725 184
-0.04430570253802943 185
-0.04398481728722153 186
-0.04365562127874696 187
-0.043319284754720196 188
-0.042975975315760195 189
-0.04262426789010609 190
-0.04226212337785209 191
-0.041887545856255676 192
-0.04149877307067016 193
-0.041094550117248434 194
-0.04067152365956418 195
-0.04022701102743577 196
-0.03976185936298609 197
-0.03935214695112852 198
-0.03920957483315753 199
-0.03917333511137239 200
-0.004525570208920021 201
-0.00494871000434834 202
-0.005349240697110061 203
-0.0056310986041824985 204
-0.00568664350997725 205
-0.005487376933316275 206
-0.005064418125327678 207
-0.0044430655786130355 208
-0.0036176304834098375 209
-0.002686721352665265 210
-0.0016467384625614442 211
-0.0005662161237637224 212
0.0005301499272517712 213
0.0016230945417631177 214
0.0026879826902691363 215
0.00366824105665549 216
0.004627770621863228 217
0.0056022096760163734 218
0.006565045534221303 219
0.007527286238878333 220
0.008518543024063019 221
0.009554715633026931 222
0.010683182017527874 223
0.011906857604027375 224
0.012937848522053468 225
0.014010743914753732 226
0.015297738662801208 227
0.016712119647809123 228
0.018295169993121186 229
0.0203293526081067 230
0.022491211728202058 231
0.024673070630380503 232
0.02689811207269462 233
0.02900411309409623 234
0.030980300539719167 235
0.03289246073475791 236
0.034669340267825116 237
0.03631372409615555 238
0.03786650012729723 239
0.03931216602101759 240
0.04067681266303221 241
0.04205276257184443 242
0.04348857383396409 243
0.04490717778210879 244
0.04633715350118004 245
0.04762175765306667 246
0.048644285880027456 247
0.04949438317674616 248
0.050203582249677525 249
0.050810827721569383 250
0.05153206854950355 251
0.05212759542530102 252
0.0527386010286502 253
0.053234921183945794 254
0.053713377784154116 255
0.054108659896885354 256
0.054317156150190865 257
0.05435210279387461 258
0.05422445499353223 259
0.05398329123417172 260
0.05364927101800644 261
0.053253618676249566 262
0.05282582454258044 263
0.05237196695270602 264
0.051915353017177965 265
0.05170926439091698 266
0.051682850419439104 267
0.05167441649430869 268
0.051688778323234146 269
0.05169073285974911 270
0.05165102321859856 271
0.05150900944892157 272
0.05122508550201331 273
0.05088955353785294 274
0.05049375619848689 275
0.05002410314384461 276
0.04946431561995985 277
0.04877984820445957 278
0.04797238361927145 279
0.04720992186341794 280
0.04598331349707388 281
0.04419092198048455 282
0.04191514245448536 283
0.04016601750949038 284
0.03809790796697968 285
0.03573757219461574 286
0.03320290498908932 287
0.031132196074101597 288
0.02929667353836677 289
0.02751883252869598 290
0.02581827310282168 291
0.025076686341168046 292
0.02463419626493366 293
0.024510254446190302 294
0.024704819361259196 295
0.0252537697007324 296
0.026248247399372007 297
0.027755043850718218 298
0.029809241292207876 299
0.03251653566872423 300
0.03582616771078501 301
0.03970350360367019 302
0.04399241087599038 303
0.048623115708945355 304
0.05348384220206724 305
0.05852328179833034 306
0.06360749801350364 307
0.06877655550562013 308
0.07391101670131657 309
0.07901766629390754 310
0.08417331778858617 311
0.08927833593598353 312
0.09436318731169024 313
0.09937588563911001 314
0.10439336834738557 315
0.10940854426527954 316
0.1146539986007108 317
0.11983044792442592 318
0.12469312252162293 319
0.1292558876193777 320
0.13350884043288708 321
0.1375137144881226 322
0.14128021795365614 323
0.14489618965604587 324
0.1482919016852634 325
0.1515638923156201 326
0.15457153770806728 327
0.1571930294614453 328
0.1592707090290118 329
0.1608928504175216 330
0.1618683897764413 331
0.16218729465465032 332
0.1621140468435033 333
0.16214650383356746 334
0.1626369712692291 335
0.1638490943431478 336
0.1660887963320675 337
0.16934050342253137 338
0.173535278436289 339
0.17850306784662273 340
0.18390096347434443 341
0.18949821087241572 342
0.19222081892307813 343
0.1962392477989003 344
0.20102854405488757 345
0.2055167974011334 346
0.20924399560461296 347
0.21206187048254904 348
0.21331781531179825 349
0.21364890479133253 350
0.21302348030658172 351
0.21168094380792554 352
0.2104538956230712 353
0.20946259277331414 354
0.2084219153818597 355
0.20742164471846963 356
0.20640215856083385 357
0.2053130490363851 358
0.20410309723541153 359
0.20248674993371332 360
0.20050513571263687 361
0.19823053909253716 362
0.1956182373294122 363
0.19266562284075953 364
0.18940979756044451 365
0.18587655075322465 366
0.18213814001237189 367
0.17827770073072885 368
0.17411622897942372 369
0.1697161682461454 370
0.16504192881698487 371
0.16020680397487003 372
0.155190995280224 373
0.15005167721774126 374
0.1451424566811652 375
0.14055152725697312 376
0.1362976941342204 377
0.1326542007628837 378
0.12949415187962432 379
0.12663033207673358 380
0.12398529698840523 381
0.12167552069976079 382
0.11975850416292126 383
0.11837588498816198 384
0.11756266244436049 385
0.11739268346532686 386
0.11758592768517194 387
0.11813193037959575 388
0.11902501230553272 389
0.12013625532076859 390
0.1214455624015593 391
0.12288250375116459 392
0.12450598475029401 393
0.1261518644614141 394
0.12780891428233945 395
0.12959875614964786 396
0.1313737724067873 397
0.13327541594335973 398
0.13504131407508 399
0.13677336433459872 400
0.10875881314497193 401
0.11060316026323548 402
0.11246544114556632 403
0.11422372198022837 404
0.11585711931496827 405
0.11735694845305733 406
0.11872942893522034 407
0.11999711336825637 408
0.12115758403705527 409
0.122218375722963 410
0.12318553192011407 411
0.12418779341693371 412
0.1251028510206518 413
0.12610248958563644 414
0.12611267475523816 415
0.12562054763628075 416
0.12486020888144675 417
0.12399826159162225 418
0.1230299877117913 419
0.12182481452510971 420
0.12050998897467353 421
0.1189346736824204 422
0.1170719052507756 423
0.1153688613685858 424
0.11384860717983677 425
0.11253538820889654 426
0.11149937533173465 427
0.11079042613330928 428
0.1103661962237718 429
0.11019780795015059 430
0.11020517005579059 431
0.11034883965414637 432
0.11057863275228548 433
0.11084030084068079 434
0.1110368131865751 435
0.11110432401496087 436
0.11120806399868752 437
0.11125162037413978 438
0.11121360380390224 439
0.11108018630464142 440
0.11084558559880585 441
0.11053099489843365 442
0.11014772454574985 443
0.10976775336839042 444
0.10941407939577005 445
0.10906032354188736 446
0.10866917744379313 447
0.10824106360244093 448
0.1077748590993048 449
0.10725323279315528 450
0.10666814145254483 451
0.10625648887743251 452
0.10686836630667314 453
0.10804101337251724 454
0.10923813863311407 455
0.11101517840345655 456
0.11302843720349631 457
0.11448336653790359 458
0.11641268052917379 459
0.11433580605663667 460
0.1124578041139033 461
0.11106059119544742 462
0.10971395452328599 463
0.1083774869386967 464
0.10710002139702957 465
0.10592583323296569 466
0.10495873458472874 467
0.10420113195689923 468
0.10364010594009844 469
0.10329209693711938 470
0.10313121694109013 471
0.10317804830219479 472
0.10346363044227742 473
0.10400344315415695 474
0.10481097485903816 475
0.10591214206661645 476
0.10723973527605044 477
0.10921863397745059 478
0.11152930341937459 479
0.11397368963046285 480
0.1167221426507749 481
0.1194501302369067 482
0.12263657726104651 483
0.12634746840627434 484
0.1304310520243494 485
0.13435948208504458 486
0.1384491180522378 487
0.14261356700721078 488
0.14673955178644257 489
0.15107774325291898 490
0.1554969201588622 491
0.1600266669279156 492
0.164616848373273 493
0.1693040959531723 494
0.17399724373584935 495
0.17865419283027756 496
0.18333970397156626 497
0.18789414316682432 498
0.19230533423082224 499
0.19651593940080359 500
0.2004882659851823 501
0.2042749779982014 502
0.207859137112962 503
0.21131032297546673 504
0.21453769675186943 505
0.21755794675025522 506
0.2203965736357656 507
0.22296241195638278 508
0.22530672763546633 509
0.22736066706851454 510
0.22915300993300255 511
0.23061333501107995 512
0.2317524013919585 513
0.23258871792827257 514
0.23327972563424298 515
0.23383720557064486 516
0.23423085782960862 517
0.23441638968887268 518
0.23445049398391646 519
0.2342886246002913 520
0.2339815558438438 521
0.2334859820499776 522
0.2326942685504152 523
0.23174414543216648 524
0.23050307694915118 525
0.22948092491747338 526
0.2286593148154345 527
0.22812025487559687 528
0.22798085442854074 529
0.22813646068083338 530
0.2285572989246225 531
0.22920002112306997 532
0.22995945404494605 533
0.23072151868798962 534
0.23143491387456153 535
0.23206781719800376 536
0.23259278876505263 537
0.23300460785346955 538
0.2332844885363932 539
0.23343469981964995 540
0.23356287606979906 541
0.23362986774076383 542
0.23371881829796431 543
0.233775586784264 544
0.23384696236580557 545
0.23393271372718988 546
0.23403995777044267 547
0.23416194970100518 548
0.23429486979217803 549
0.23444351339228886 550
0.23441303547113587 551
0.23428851477486842 552
0.23411243045794955 553
0.2337058104957488 554
0.23279279727407196 555
0.2317638221794518 556
0.23058614276308464 557
0.22924745097294674 558
0.22745070334048081 559
0.22532847882660895 560
0.22340617296727738 561
0.22089901372877602 562
0.21815450581189832 563
0.21534380094692573 564
0.212237180227765 565
0.20892946864447734 566
0.20570118903570134 567
0.2026177393963722 568
0.1997667468865274 569
0.19708956824342422 570
0.1947413435794325 571
0.19274999820300187 572
0.19104973090221342 573
0.18975393763529805 574
0.18883112714923597 575
0.18818332686492073 576
0.18791575048007594 577
0.18802837473773026 578
0.1883661890638221 579
0.18900936308636396 580
0.18991236148343937 581
0.19097081612531883 582
0.1922493116116191 583
0.1936815575854279 584
0.19525840467234606 585
0.19698881128346496 586
0.1988519313229871 587
0.20094404914089625 588
0.20326310533343034 589
0.20574698168407674 590
0.2083889159221631 591
0.21118935194261235 592
0.214234965746536 593
0.21740695601311336 594
0.22057452543758407 595
0.22372017496512125 596
0.2270142395697008 597
0.23052752658364142 598
0.2337854947876766 599
0.23754018111966457 600
0.2702656552906777 601
0.27422347939860897 602
0.27825420292447844 603
0.28245689536618795 604
0.2866318598944746 605
0.2908109443505994 606
0.29474038734861147 607
0.29851075830640184 608
0.30213717566972426 609
0.3056896999089787 610
0.30912093030723936 611
0.3125328429382913 612
0.31578324986050643 613
0.31890724081796146 614
0.32182052303371483 615
0.3245366618501287 616
0.32699392626486906 617
0.3290983585573797 618
0.3311098383124619 619
0.3329588270029215 620
0.3347021021039231 621
0.3363206514604972 622
0.33782125432620835 623
0.33919809125405925 624
0.3405280912001853 625
0.34175062095309905 626
0.3430066284447755 627
0.34437531717356584 628
0.3459315431657982 629
0.3478186929569635 630
0.3501198109361256 631
0.35280933314233937 632
0.3559233431247148 633
0.3594267436515908 634
0.3632651275848526 635
0.36732088527010665 636
0.3715152696229217 637
0.37577307039030494 638
0.38001633703561116 639
0.38413825525790485 640
0.3880778672219529 641
0.3918451781026781 642
0.3954199077400481 643
0.39879383174803545 644
0.40202101723348316 645
0.40509099909630397 646
0.40794242519365964 647
0.41045411470962045 648
0.41274580228329244 649
0.41485982442679203 650
0.4163099952675518 651
0.41751113575791143 652
0.41840804095676143 653
0.41895782439728296 654
0.419371213719992 655
0.4196447266380085 656
0.4197849258085113 657
0.41982397972310564 658
0.41964762617138185 659
0.4188485982149196 660
0.417479111163112 661
0.4158543868514418 662
0.4138586006685843 663
0.41067102190572763 664
0.40685395498989224 665
0.4029838070990037 666
0.3992691965221713 667
0.3956029104928845 668
0.3920525529766028 669
0.3886752159174567 670
0.38554935968552095 671
0.38264434789394586 672
0.38004485699895624 673
0.3778030175062117 674
0.3758919757121588 675
0.3743696645199275 676
0.3732333530546225 677
0.37249512365908594 678
0.37214299891374314 679
0.3722082903911438 680
0.37265807527759387 681
0.3735710633886762 682
0.3749480512520135 683
0.37672005266808684 684
0.3787773267560798 685
0.3811884682232555 686
0.38382736314047877 687
0.3867807455926001 688
0.38999601853212795 689
0.39332829156753185 690
0.3967335695140913 691
0.400297826892702 692
0.4039840821416982 693
0.40772063687624266 694
0.41159790688548115 695
0.41553878403033495 696
0.41965670221306467 697
0.42380120626388945 698
0.42794966823825425 699
0.43193028987624366 700
0.43583265020259687 701
0.4395228216995191 702
0.4430636851960941 703
0.44630630288707956 704
0.44945078915139813 705
0.4525396872226148 706
0.4555824512458708 707
0.4585162397665374 708
0.46137718160181823 709
0.46409684531044376 710
0.4666980119503456 711
0.4690834237859008 712
0.47123098856060497 713
0.47315761025407743 714
0.47483024338994273 715
0.47649541570111276 716
0.47798074362736753 717
0.4793493996884319 718
0.4805988895164166 719
0.48180289832796486 720
0.48292505721762774 721
0.4840546916729117 722
0.4850657177339666 723
0.48610709623778786 724
0.48714982382892097 725
0.488542688094687 726
0.4903076622091315 727
0.4924830131426225 728
0.49511335674345475 729
0.49818999411050685 730
0.5016205887293032 731
0.5053183797125259 732
0.5091431093561019 733
0.5126887196075424 734
0.5160701173885043 735
0.5193628160338255 736
0.522442437171942 737
0.5250967409890468 738
0.5269029458715551 739
0.5282289348527028 740
0.5289870570402223 741
0.529372544703804 742
0.5294718946545629 743
0.5298082745085205 744
0.5300816919574953 745
0.5304219356564142 746
0.5308056355809639 747
0.5311284682796631 748
0.5313385311901496 749
0.5314254259161122 750
0.531254406482222 751
0.5309394144939585 752
0.5305539695744506 753
0.5300788481762525 754
0.5294329705502459 755
0.5284158836705993 756
0.527169640971826 757
0.5256237812524773 758
0.523876627337531 759
0.5217920987322943 760
0.5193986984192317 761
0.5167226969868756 762
0.5139458910373419 763
0.5112807256152282 764
0.5084405898153939 765
0.505486102623736 766
0.5025136799310057 767
0.49956440333334734 768
0.4967084096938033 769
0.4944207570054182 770
0.4923196118620954 771
0.4905763789232391 772
0.48864525746243936 773
0.48710099168812154 774
0.48592116022469384 775
0.4849594484113349 776
0.48424302312233447 777
0.4837996587367057 778
0.4837129628840236 779
0.4840228655736 780
0.4847904857143891 781
0.48605851203749245 782
0.4878062605923663 783
0.4900140631919223 784
0.4925059038883831 785
0.49533462287916724 786
0.49832836777210515 787
0.5015612754117068 788
0.5049450407807916 789
0.5084708512071722 790
0.5121711267559976 791
0.5157613390207806 792
0.5194831813121288 793
0.5233542570627594 794
0.5272187560229834 795
0.5311990979972034 796
0.5351403244235533 797
0.5389846926939872 798
0.5428290247896804 799
0.5466105679538503 800
0.5528969693973707 801
0.5563740044065172 802
0.5598002345033639 803
0.5629473014169764 804
0.5659129508073921 805
0.5687739659270211 806
0.5715292643969576 807
0.5741455388957422 808
0.576660371106908 809
0.5790573339070674 810
0.5813283881011695 811
0.5834992662368943 812
0.5855304653306282 813
0.5874083645592879 814
0.5890303731703188 815
0.5904413250257661 816
0.5916492440921386 817
0.5927994868762604 818
0.5938810800302278 819
0.5949415716463291 820
0.5961681534609291 821
0.5975368956853242 822
0.5993648216596958 823
0.6016286596452206 824
0.6043599468323878 825
0.6075918356715458 826
0.6112425549798394 827
0.6152269276840053 828
0.6194433345259537 829
0.6237947618495308 830
0.6281830987323255 831
0.6325047130138632 832
0.6366843991507362 833
0.6400892389667635 834
0.6430140631585874 835
0.6455602972584071 836
0.6478640700295809 837
0.6494040138799578 838
0.6502677471251784 839
0.6505944133099039 840
0.6504799287799664 841
0.6500265390237211 842
0.6498294924979624 843
0.6495941261506899 844
0.6493151104080519 845
0.6490175407687261 846
0.648675867342134 847
0.6482789608277973 848
0.6478174499832263 849
0.6472906481081563 850
0.6466892669035762 851
0.6460534853821185 852
0.6453463866729567 853
0.6444162874077836 854
0.6432358461244587 855
0.6417841486477578 856
0.640120798149118 857
0.6386016449594072 858
0.6366843662699595 859
0.634172961036213 860
0.6315302741361275 861
0.6288318087001794 862
0.6260652104219672 863
0.6232887626799561 864
0.6205883455221574 865
0.6179737952138062 866
0.6155446397962738 867
0.6133174454101875 868
0.611449718864301 869
0.6103528937318541 870
0.6096252847167221 871
0.6083985228372257 872
0.6075088628061177 873
0.607170889291172 874
0.607264305055145 875
0.6077034162317487 876
0.60855033855154 877
0.6098221830898085 878
0.6114962987466662 879
0.6135815541121497 880
0.6157636153238294 881
0.6183148910604017 882
0.6212779423010149 883
0.6245536173216737 884
0.6280881987453324 885
0.6319318676895528 886
0.6359733202125775 887
0.6402428854221996 888
0.6445385084977082 889
0.6490359260371784 890
0.6535497006239483 891
0.658222364764355 892
0.6629271949714032 893
0.6676326793029864 894
0.6723667793171173 895
0.676977627520398 896
0.6816483114029622 897
0.6862377716124316 898
0.6908252110383083 899
0.6952582103626175 900
0.699546834151198 901
0.7035454723011976 902
0.70761028726333 903
0.7116969244838833 904
0.7155940411528391 905
0.7192720245110841 906
0.7224707273647739 907
0.7253518287877578 908
0.7279266459565368 909
0.730171472040723 910
0.7321638077072099 911
0.7340223326127505 912
0.7359214705994546 913
0.7380583657632089 914
0.7403311259550718 915
0.742670534764459 916
0.7449704915675989 917
0.7472424340378145 918
0.7496317873786126 919
0.7522236519884594 920
0.7534858328764112 921
0.7551230087200015 922
0.7571500413930958 923
0.7595861963576758 924
0.762310056384437 925
0.765239712168155 926
0.7682810662166116 927
0.7713092641465898 928
0.7742631325434756 929
0.7770257360461802 930
0.7795264687782282 931
0.7817778838175254 932
0.7837429718049143 933
0.7854055255862271 934
0.7867811317573891 935
0.7878794567412675 936
0.7887473509934461 937
0.7894343641724808 938
0.7899739425622756 939
0.790408856153325 940
0.7907682860618845 941
0.7910361297462672 942
0.7910186960696931 943
0.7908484439288695 944
0.7905533144157203 945
0.7895396065595658 946
0.7882995298010945 947
0.7868331764387201 948
0.7850321596569168 949
0.7830674359434998 950
0.7810562609695733 951
0.7789132987484995 952
0.7765854899466543 953
0.7740750247295157 954
0.7712941728910967 955
0.7683557103000739 956
0.7653542300880103 957
0.762361154404495 958
0.7590853320531316 959
0.7556633458798011 960
0.7519148853705827 961
0.7480614541202484 962
0.7440830725401737 963
0.7401668817942066 964
0.7363710185867349 965
0.7325897848928311 966
0.7290272519308892 967
0.7257102546867837 968
0.7226548261539544 969
0.7200198384157738 970
0.7177351974559876 971
0.7157468852653752 972
0.7139982838744283 973
0.7125720125756626 974
0.7115300713282952 975
0.7108536852594161 976
0.7107008741981443 977
0.7102099441439793 978
0.7100179157360469 979
0.7100530898827622 980
0.7103554608860372 981
0.7107509324590594 982
0.7114920123444767 983
0.7123360444666536 984
0.7133749982200877 985
0.7147625159095407 986
0.7165206850155953 987
0.7185650450343382 988
0.7209644965808766 989
0.7235077371933978 990
0.7262799448140671 991
0.7289586795112253 992
0.7317971593452784 993
0.7345991611813021 994
0.7375138758757188 995
0.7407528808381224 996
0.7441446849551703 997
0.7476404120259884 998
0.7512172126277278 999
0.7550127678567204 1000
0.800742667986866 1001
0.8038875887989384 1002
0.8069259616980572 1003
0.809922639909019 1004
0.8125147351187271 1005
0.8148902016125499 1006
0.8169063432831182 1007
0.818676762385851 1008
0.8204861229663953 1009
0.822108001992196 1010
0.8237947517494726 1011
0.8254025725307724 1012
0.8268223337064218 1013
0.8281002665395752 1014
0.8291203983454788 1015
0.829999485828249 1016
0.8309261396044203 1017
0.8318880298501136 1018
0.8332706848659047 1019
0.8350945372932747 1020
0.8374326667885527 1021
0.8404285160721665 1022
0.8440116479233922 1023
0.8480247858560217 1024
0.8524127339314801 1025
0.85704425057275 1026
0.8618677200081778 1027
0.8667860786759757 1028
0.8717019335234467 1029
0.8765418846926365 1030
0.8812411412586925 1031
0.8856984016110082 1032
0.8899101566788497 1033
0.8938989080776355 1034
0.8976416319268901 1035
0.9010230411221993 1036
0.9039360365945355 1037
0.9065403033313766 1038
0.9089024352839405 1039
0.910479012859977 1040
0.9117458169938452 1041
0.9126217484797712 1042
0.9130679859974292 1043
0.9132390787671516 1044
0.9131479464658078 1045
0.9128284957870942 1046
0.9123632904428705 1047
0.9117146598566296 1048
0.9108121966313427 1049
0.9096205378099707 1050
0.9082753214085625 1051
0.9065571820156347 1052
0.9045037140010328 1053
0.9020657920406592 1054
0.8992781562134363 1055
0.8962118362684915 1056
0.892730903981464 1057
0.889054554326728 1058
0.8851017899509845 1059
0.8810679957354645 1060
0.8770674995827404 1061
0.87303799132913 1062
0.8690445116982861 1063
0.8650500936612908 1064
0.8612573507444465 1065
0.8577555697726564 1066
0.8546053582401073 1067
0.851784126928825 1068
0.849130314954644 1069
0.8467065603611393 1070
0.8446765820811499 1071
0.8429955279499189 1072
0.8416697032190825 1073
0.8407228311875219 1074
0.8401741197825988 1075
0.8400203383783217 1076
0.8402264660986768 1077
0.8407545030279118 1078
0.8416460122619105 1079
0.8428182481722134 1080
0.8443233951446218 1081
0.8460421175035944 1082
0.84804075244564 1083
0.8503076534576712 1084
0.8525240836547388 1085
0.8549787774099387 1086
0.8574974647397939 1087
0.8602513259412635 1088
0.8632637262051561 1089
0.8663757407347569 1090
0.869754270309401 1091
0.8731936530172307 1092
0.8768195807761255 1093
0.8806382994474559 1094
0.884425007551508 1095
0.8882945631523598 1096
0.892089143407389 1097
0.8958249225265883 1098
0.8994618696813038 1099
0.9031893479680676 1100
0.9066267358359463 1101
0.9100553216608033 1102
0.9135083473883909 1103
0.9168534210556971 1104
0.9201281436836458 1105
0.9231707114932114 1106
0.9259439768210557 1107
0.928450752160397 1108
0.9307200605619571 1109
0.9328077962295964 1110
0.9347823633373277 1111
0.9365827519149161 1112
0.9383001942877722 1113
0.9398902381528047 1114
0.9413405693882729 1115
0.9426317246536707 1116
0.9437353293697628 1117
0.944774418300885 1118
0.9459432966053811 1119
0.9473538365540093 1120
0.9490183739411907 1121
0.95096684025216 1122
0.953240914740256 1123
0.9558277022655143 1124
0.9586758923958751 1125
0.961632770930318 1126
0.9645810700488379 1127
0.9674404522640042 1128
0.9701392136947801 1129
0.9726647861908839 1130
0.9750031805575304 1131
0.9771199889020347 1132
0.9790148768697708 1133
0.98069564491358 1134
0.9823889862609756 1135
0.9837350502224168 1136
0.9844958778553541 1137
0.9842763099524968 1138
0.9832092455385604 1139
0.9814523638259304 1140
0.9796863476506299 1141
0.9774368187267259 1142
0.974667717859008 1143
0.9714861378031696 1144
0.9678280128414883 1145
0.9636053771363684 1146
0.9589033327592463 1147
0.9539641369680237 1148
0.9489505935139031 1149
0.9436021082382698 1150
0.9379287137382296 1151
0.9320315083029371 1152
0.926089442215175 1153
0.9201637698201093 1154
0.9142850822866722 1155
0.908508332790581 1156
0.9030180202740983 1157
0.8980114464597674 1158
0.8935042080197013 1159
0.8896223779379728 1160
0.8863820753168917 1161
0.8837997503217956 1162
0.8817804006185938 1163
0.8803089217668211 1164
0.8793814430352112 1165
0.8789038913032509 1166
0.8788327511932291 1167
0.8791408826215225 1168
0.8794929416742995 1169
0.880168850365595 1170
0.8808412456967843 1171
0.8815686709310041 1172
0.882251850525714 1173
0.8832162369345626 1174
0.8841895274875123 1175
0.8853498948579243 1176
0.8864274447565459 1177
0.8875971621665921 1178
0.8887538587118917 1179
0.8900223261392355 1180
0.8912807832950376 1181
0.8926639566757721 1182
0.8940133430023599 1183
0.8954590437806463 1184
0.8968425564292829 1185
0.8981678501929177 1186
0.8994157957010882 1187
0.9005560903956379 1188
0.9016115997689822 1189
0.9027592986991935 1190
0.9038275702274426 1191
0.9048782615871023 1192
0.9058091096926305 1193
0.9066495775963398 1194
0.9074545872392047 1195
0.908226822688643 1196
0.9089027650440706 1197
0.9094817884540753 1198
0.9099556435956438 1199
0.9105151283271078 1200
0.9032999646272779 1201
0.9035475231529708 1202
0.9037773042227676 1203
0.90394837683925 1204
0.9041655892873309 1205
0.9043568193501701 1206
0.904554305379228 1207
0.9046947398577214 1208
0.904922002512655 1209
0.9051522656384561 1210
0.9057337393186683 1211
0.9066871892628248 1212
0.9080494702407461 1213
0.909814410840476 1214
0.9119912287390726 1215
0.9145552223355633 1216
0.9174708336900812 1217
0.9206096365969986 1218
0.9238616960170697 1219
0.9271400978784149 1220
0.9303885931327682 1221
0.9334873536399854 1222
0.9363891880174131 1223
0.9391141864195317 1224
0.9416236799702027 1225
0.9439446207891509 1226
0.9461371345164421 1227
0.9482165160741717 1228
0.9501867527199112 1229
0.9520642204505819 1230
0.9538492481108508 1231
0.9555349712704403 1232
0.957123016022361 1233
0.9586112791496847 1234
0.9599873566831629 1235
0.9612409117448392 1236
0.9624139575055101 1237
0.9635204123301855 1238
0.9645264244463762 1239
0.9654508114069703 1240
0.966211676343286 1241
0.9666657468810562 1242
0.9667268952410464 1243
0.9661810149288014 1244
0.9652775366125806 1245
0.9638599101258898 1246
0.9620922348871409 1247
0.9600086311845998 1248
0.9573936106525515 1249
0.9544945699779419 1250
0.9512578589529241 1251
0.9478226550231973 1252
0.944140645704524 1253
0.9405285778987236 1254
0.9369169730681276 1255
0.9332679388170633 1256
0.930129283429789 1257
0.927280818474112 1258
0.9245532174144876 1259
0.9220346349147559 1260
0.9197692932485605 1261
0.9177815453735878 1262
0.9160623971080969 1263
0.9146497530239511 1264
0.913545876579468 1265
0.912776101454253 1266
0.9123061025618829 1267
0.9121531025694588 1268
0.9122707017272319 1269
0.9126451196257457 1270
0.9132806207329525 1271
0.9141457820058837 1272
0.9152288086650061 1273
0.9165463319950695 1274
0.9185098005942073 1275
0.9208737363281998 1276
0.9232760023664696 1277
0.925688812234673 1278
0.9284419758349471 1279
0.931673096149369 1280
0.9351857089940941 1281
0.9387377762779823 1282
0.9423809975897905 1283
0.9461826007853714 1284
0.9500287933162131 1285
0.9540882267054308 1286
0.9582112223386671 1287
0.9625649505232382 1288
0.9666682272413963 1289
0.9711392541337 1290
0.9759025636965192 1291
0.980733688993518 1292
0.985640467052873 1293
0.9904839877836331 1294
0.9950068137626464 1295
0.99910355835235 1296
1.0027302695899551 1297
1.005994840710007 1298
1.0088838379424605 1299
1.011579616977912 1300
1.0139458182897305 1301
1.0161038723587748 1302
1.0181667163946129 1303
1.0202195926405515 1304
1.022282356324729 1305
1.024268776629828 1306
1.0262513141071083 1307
1.028153158079637 1308
1.030059148269827 1309
1.0318902357082878 1310
1.0337722217109007 1311
1.0357935065162605 1312
1.0380669069801065 1313
1.0406302795965092 1314
1.0435122533687855 1315
1.0467588368163345 1316
1.0502930090474254 1317
1.0539362301331934 1318
1.0576605345625243 1319
1.0609854317336338 1320
1.063565242255359 1321
1.065090753585025 1322
1.0653654471013527 1323
1.0646687337273428 1324
1.0641733738014372 1325
1.0633694218828866 1326
1.0624041889735492 1327
1.0613856096493754 1328
1.0601928718926499 1329
1.0587972501894263 1330
1.0571993891827596 1331
1.055164699912626 1332
1.0524502886551625 1333
1.049368924073126 1334
1.0457834124271308 1335
1.04186827784096 1336
1.0375824344477005 1337
1.0328597823797485 1338
1.0279587721763723 1339
1.0227628334397227 1340
1.0170370240790139 1341
1.0112816551496748 1342
1.0053087562167362 1343
0.998916481233081 1344
0.9921798271146265 1345
0.985144985943438 1346
0.9776576329279953 1347
0.969942224752315 1348
0.9619305788794673 1349
0.9542228562004715 1350
0.9467791371183335 1351
0.9391119317370056 1352
0.9317029733850185 1353
0.9243603328917601 1354
0.9172396915362913 1355
0.9106112223160857 1356
0.9043514781494191 1357
0.8985638223681308 1358
0.8933394855824291 1359
0.8885585985846017 1360
0.8842601586747066 1361
0.8804160214527255 1362
0.8769213450555716 1363
0.8737669356135997 1364
0.8709681866374206 1365
0.8684949888644491 1366
0.8663711616839946 1367
0.8646393144575253 1368
0.8632504869190404 1369
0.862197928871895 1370
0.8614409346003422 1371
0.8609805544856849 1372
0.8607915758375106 1373
0.8606632765586872 1374
0.8606055513603728 1375
0.8606679071197677 1376
0.8608378347476843 1377
0.8611608524722442 1378
0.8614706831117347 1379
0.8619659422609771 1380
0.8625717272119051 1381
0.8633611463724777 1382
0.8642787512009763 1383
0.8650122754405248 1384
0.8656372405623145 1385
0.8661246721851588 1386
0.8664422738565736 1387
0.8666025763233653 1388
0.8668199280456368 1389
0.8669599635043269 1390
0.866984104612709 1391
0.8669319736231891 1392
0.8666679303498204 1393
0.8666379244129299 1394
0.8665982514147251 1395
0.8666545980448865 1396
0.8667241102427039 1397
0.8667735886158825 1398
0.8669650281018342 1399
0.8672166697713909 1400
0.8647471542650509 1401
0.8660236797002183 1402
0.8677545718718256 1403
0.8700798781347691 1404
0.8726637242638694 1405
0.875998969895862 1406
0.8794923252571585 1407
0.8830766998208088 1408
0.8865397778804592 1409
0.8896912675615276 1410
0.8928517921909425 1411
0.8961136966016572 1412
0.8993778084153109 1413
0.9025859862238359 1414
0.9056930294858276 1415
0.9085304744592482 1416
0.9111637481504932 1417
0.9136688545067289 1418
0.9160938553113865 1419
0.9184837178854367 1420
0.9208093811237744 1421
0.9230573123357254 1422
0.9252326902950331 1423
0.9273290557292192 1424
0.9293524904775963 1425
0.9313126890559138 1426
0.9332199281955609 1427
0.9347624605804719 1428
0.936231380309848 1429
0.9373658460621663 1430
0.9382020698609873 1431
0.9385457586297941 1432
0.9388243699842159 1433
0.9388225266942751 1434
0.9386574631255626 1435
0.9383005283585196 1436
0.937364882193177 1437
0.9361541396750118 1438
0.9348318555200812 1439
0.9334269546736184 1440
0.9320360981286775 1441
0.9307369017668915 1442
0.9296089609198193 1443
0.9286131217803454 1444
0.9277918999764619 1445
0.9271505502136573 1446
0.926669253460106 1447
0.9263541848124425 1448
0.9262035087020498 1449
0.9261779436544797 1450
0.9263262938661887 1451
0.9269701886941981 1452
0.9272166811858543 1453
0.926963520641367 1454
0.9264589935273614 1455
0.9261451458671935 1456
0.9262598548980421 1457
0.9270689850533141 1458
0.9281496880338047 1459
0.9295413229033203 1460
0.931143027758478 1461
0.9329949412042478 1462
0.9349740092544732 1463
0.9371102197829536 1464
0.9390547878955015 1465
0.9411660005682071 1466
0.94346342107831 1467
0.9457712637998967 1468
0.9482966185205731 1469
0.9509368891946339 1470
0.9537745645487375 1471
0.9567398205094374 1472
0.9597834392379734 1473
0.9627075507001042 1474
0.9656387466111139 1475
0.9686122277612695 1476
0.9713512264816224 1477
0.9738311581319424 1478
0.9762600399409526 1479
0.9786422383060429 1480
0.9810411434696115 1481
0.9833972432661116 1482
0.9855910174460257 1483
0.9877044401976803 1484
0.9896964362401997 1485
0.9914337099074769 1486
0.9928517344912865 1487
0.9940278371446366 1488
0.9951726526241972 1489
0.9961849867940519 1490
0.9968373814181176 1491
0.9971592183614122 1492
0.9971231161476025 1493
0.9970793851020194 1494
0.9974417570118463 1495
0.9983098269810899 1496
0.9999621721378162 1497
1.0025526325106409 1498
1.0059278396304063 1499
1.009415102068865 1500
1.0129410244264205 1501
1.0169247025645987 1502
1.0210356568019934 1503
1.024743853947541 1504
1.028103249133598 1505
1.031186757152653 1506
1.0339612139994858 1507
1.0356779672847136 1508
1.0367767245519326 1509
1.0372202567711433 1510
1.0368026415961733 1511
1.0359839094848626 1512
1.0349089973252164 1513
1.033623888907285 1514
1.032275503931695 1515
1.0313287663728261 1516
1.0303727105453169 1517
1.0294228657710862 1518
1.0281748112458378 1519
1.0265831653427857 1520
1.024485978283878 1521
1.022041120441723 1522
1.01917687475987 1523
1.0161421675334943 1524
1.0126207722674503 1525
1.0081705958106861 1526
1.003599697164429 1527
0.9983651117663229 1528
0.9926006330185123 1529
0.9866941755450234 1530
0.9805114114199496 1531
0.9742800959456283 1532
0.9680958685118628 1533
0.9619477427385171 1534
0.9560598299914058 1535
0.9505508301536599 1536
0.9453472781197995 1537
0.9404462737853088 1538
0.9359784317256612 1539
0.9317443127741172 1540
0.9277286422172119 1541
0.923951606923572 1542
0.920464082150615 1543
0.9172692270848742 1544
0.9143344873746186 1545
0.9116510381237632 1546
0.9092011177169989 1547
0.9071646005059404 1548
0.90573373959122 1549
0.904421919364018 1550
0.903283198854144 1551
0.9023243387702193 1552
0.9014512879891363 1553
0.9007742013520311 1554
0.9000104074817419 1555
0.8994018630247693 1556
0.8989221105463452 1557
0.8985708108123093 1558
0.8982126233196179 1559
0.897979506173795 1560
0.897757026291497 1561
0.8976822960837877 1562
0.8976381863448952 1563
0.8976033279999007 1564
0.8974509445331531 1565
0.8973553819467802 1566
0.8971653021640706 1567
0.8969886046714152 1568
0.896818226942389 1569
0.896632865623357 1570
0.8964201172271745 1571
0.8962627492834359 1572
0.8961114393443514 1573
0.8958373600342062 1574
0.8955848785768052 1575
0.8952836404827209 1576
0.8951064527491855 1577
0.8948647787672729 1578
0.8947854279703071 1579
0.894735103508511 1580
0.8947596131232631 1581
0.895008770914079 1582
0.8954065892247713 1583
0.8960422607852826 1584
0.8970922111768388 1585
0.898729631263921 1586
0.9010425262388085 1587
0.9040232168301758 1588
0.9079433429821949 1589
0.9124848736547287 1590
0.9174518657468137 1591
0.9227430757825545 1592
0.9282680323080179 1593
0.9339076064142888 1594
0.93958350455482 1595
0.9452547426418942 1596
0.9507899579169323 1597
0.9558749220749587 1598
0.9607347180526649 1599
0.9653492088688562 1600
0.9812031967979234 1601
0.9852083945302972 1602
0.9891195177525477 1603
0.992476271256136 1604
0.9944558452795322 1605
0.9956590725127231 1606
0.9968185994957216 1607
0.9973293657655528 1608
0.9970857807332771 1609
0.9963783221989665 1610
0.9951979173911135 1611
0.9935211144202347 1612
0.9915346297900793 1613
0.9891910629182086 1614
0.9864648444742327 1615
0.9833068067606013 1616
0.9797008297291157 1617
0.9757383675221136 1618
0.9715415621007629 1619
0.9676107959578211 1620
0.9636852601318081 1621
0.9596411335784237 1622
0.955524862188739 1623
0.9514671539525492 1624
0.9475321733562436 1625
0.9438014772616129 1626
0.9403730187998832 1627
0.9372301040011144 1628
0.9344325842481828 1629
0.932220573166333 1630
0.9305285401001266 1631
0.9293519651357652 1632
0.9285653460036954 1633
0.9282579987137167 1634
0.928395765093592 1635
0.9289542045601179 1636
0.9299282302955174 1637
0.9313257766304678 1638
0.9329924478810857 1639
0.9349364929786691 1640
0.9370427594052726 1641
0.9392652744693093 1642
0.9417078003957804 1643
0.9441840317032796 1644
0.9467393588473962 1645
0.9491812599167265 1646
0.95163061515426 1647
0.9539966411139922 1648
0.9562559770127184 1649
0.9593841363624599 1650
0.9631864519066358 1651
0.9665795065858321 1652
0.9693316238958025 1653
0.9721357797931337 1654
0.9750783697562888 1655
0.9780653652072349 1656
0.9810708992032152 1657
0.9838090628818283 1658
0.9865452911871176 1659
0.9892125407982353 1660
0.9918662775645251 1661
0.9944337623922479 1662
0.9969538782885453 1663
0.9993372005698917 1664
1.0015852766744289 1665
1.0037387946228933 1666
1.005769074710884 1667
1.0078022136674172 1668
1.00957544238174 1669
1.011251859557444 1670
1.012800668350408 1671
1.014198461745218 1672
1.0152916476807223 1673
1.016146689535885 1674
1.0169216562088748 1675
1.0175697528459409 1676
1.0182010421762757 1677
1.018896546582868 1678
1.0198733267486826 1679
1.0211506391388938 1680
1.0227789391637594 1681
1.0247507984377688 1682
1.0270515733605903 1683
1.029577011057917 1684
1.0322516689883419 1685
1.0349832574962783 1686
1.0376820626358974 1687
1.0403117840525848 1688
1.0428257805344874 1689
1.045188494246878 1690
1.0473703503318652 1691
1.0493643688130068 1692
1.0511902976886416 1693
1.052863268949777 1694
1.0544829576337396 1695
1.0560191077610412 1696
1.057348873943476 1697
1.058497569679884 1698
1.0594655783479785 1699
1.0602738513645569 1700
1.0602847196877552 1701
1.0599198503774991 1702
1.0596240114425277 1703
1.0583214246754398 1704
1.0561887846315654 1705
1.053892964972456 1706
1.0511014837541692 1707
1.0480386099061234 1708
1.045008694483132 1709
1.0418344363678689 1710
1.0382917146323576 1711
1.0343819763929891 1712
1.0302279384253554 1713
1.0257525585569154 1714
1.020810498856945 1715
1.0158025589221529 1716
1.0104357354858238 1717
1.0047546752859042 1718
0.9989738339823575 1719
0.9929786506911003 1720
0.9869924152345765 1721
0.9809459331619074 1722
0.9750648097585287 1723
0.9692571514302446 1724
0.9637248271860722 1725
0.9583502839510988 1726
0.9531830350188707 1727
0.9493505670165889 1728
0.9457808005888549 1729
0.9424989032896559 1730
0.939473760138053 1731
0.9367970668082185 1732
0.9345402003243733 1733
0.9326177862495715 1734
0.9310305691658686 1735
0.9298205884896845 1736
0.9289677975283163 1737
0.9283357908974503 1738
0.9280532556105795 1739
0.9280103187863206 1740
0.9282515004038866 1741
0.928781329923588 1742
0.9294996929451145 1743
0.9303427193366766 1744
0.9314720223112761 1745
0.932565774921891 1746
0.933880431635439 1747
0.9350279206452345 1748
0.9363792755688586 1749
0.9377491232075553 1750
0.9392300057812765 1751
0.940821996168596 1752
0.9424351891906655 1753
0.9442995743691691 1754
0.9464395881547882 1755
0.9485392621237267 1756
0.9504746455644235 1757
0.9522358381119551 1758
0.9537464788218567 1759
0.9548588767847932 1760
0.9557682380635201 1761
0.9565466133939614 1762
0.9571681468426895 1763
0.9577389145483137 1764
0.958284965841541 1765
0.9588632161709488 1766
0.95947898899238 1767
0.9601180909488292 1768
0.9607584524815584 1769
0.9614536049342789 1770
0.962177309031159 1771
0.9629078983881267 1772
0.9638233760437748 1773
0.965222058007368 1774
0.9671081555330068 1775
0.9695510764437802 1776
0.9725419335802042 1777
0.9760310069581053 1778
0.9798829798205742 1779
0.9840110310803674 1780
0.988275022981808 1781
0.9926014800885957 1782
0.9969630879525628 1783
1.0013383755287835 1784
1.0056490012852437 1785
1.009817655841925 1786
1.0131247376242791 1787
1.015555685027948 1788
1.0178459081299498 1789
1.0195612455650827 1790
1.021020546200913 1791
1.021902880867642 1792
1.0221869320948969 1793
1.0219344398526606 1794
1.0212767904575384 1795
1.0210746085014428 1796
1.0207673618639581 1797
1.020303566855845 1798
1.019579635864136 1799
1.0184451859887647 1800
0.9892074765108869 1801
0.9868277868042205 1802
0.9837335341855422 1803
0.9788001374386326 1804
0.9738802482668144 1805
0.9695144724749616 1806
0.9650893367742889 1807
0.9604777359143748 1808
0.9560809819642884 1809
0.9517740749562514 1810
0.9474523407353835 1811
0.9436047166745141 1812
0.940070372155126 1813
0.9368619868442717 1814
0.9338533239740097 1815
0.9312089243879216 1816
0.9288394050016704 1817
0.926860883847727 1818
0.9252360223811815 1819
0.9239808808488971 1820
0.9230980758204395 1821
0.9226061624047391 1822
0.9225200881483723 1823
0.9228563696454872 1824
0.9235661648661966 1825
0.9253639797600838 1826
0.9281102993100118 1827
0.9305797994938322 1828
0.9332642517298954 1829
0.936510005580085 1830
0.9403062427709667 1831
0.9445262917500288 1832
0.9488793017843961 1833
0.9532759501860146 1834
0.9577182041068077 1835
0.9622012323410649 1836
0.9667202331912292 1837
0.9714347661226231 1838
0.976189962532805 1839
0.9811074310078834 1840
0.9860120168720956 1841
0.9909718269033384 1842
0.9958135178424807 1843
1.0005614291869314 1844
1.004983662049894 1845
1.0089292589326206 1846
1.012483328532085 1847
1.0158113273884581 1848
1.018964811076276 1849
1.021977678185037 1850
1.0248601000244475 1851
1.0276450265645043 1852
1.0303147204156133 1853
1.0329727166995943 1854
1.0354493214002758 1855
1.0377812806060929 1856
1.039891598870554 1857
1.0418604168880934 1858
1.0437851531846445 1859
1.0455729375535028 1860
1.047279701812968 1861
1.0488965305750302 1862
1.0503992334863714 1863
1.051823644094871 1864
1.0532069543548084 1865
1.0544841719423532 1866
1.0557166849088049 1867
1.0568644703914531 1868
1.0581720204936857 1869
1.0597028861007907 1870
1.0614580848606878 1871
1.063463161204121 1872
1.0656504310474821 1873
1.068001136184505 1874
1.0704535939243176 1875
1.072889661077559 1876
1.0752281247305637 1877
1.0774150267542053 1878
1.0793439725187386 1879
1.0808148220374747 1880
1.0820216675177488 1881
1.0829716924506365 1882
1.0833290641396822 1883
1.083154743917902 1884
1.082320481733891 1885
1.0811259088947465 1886
1.0795459202917426 1887
1.0776613560712482 1888
1.075535820029505 1889
1.07343873154067 1890
1.0713502588380104 1891
1.0694710262549252 1892
1.067532074765363 1893
1.0655012763265441 1894
1.0633223275231112 1895
1.0610108820769444 1896
1.058579506141279 1897
1.0560862424917732 1898
1.0535117616444483 1899
1.050600197082319 1900
1.0473099154101375 1901
1.044146786986372 1902
1.0409014847346105 1903
1.0374232960581093 1904
1.032291750887643 1905
1.0265616506829662 1906
1.0215949438199519 1907
1.0164732446985412 1908
1.0110309619684272 1909
1.0049019710387095 1910
0.9983745890012237 1911
0.9918337465396987 1912
0.9853074744636017 1913
0.9786309893264614 1914
0.9719501415932232 1915
0.9655619472649014 1916
0.9599022912757808 1917
0.9550711221200551 1918
0.9509150301806478 1919
0.9475210377143319 1920
0.9450505741606013 1921
0.9433372707268206 1922
0.9423125155979655 1923
0.9419792831365388 1924
0.942178850071573 1925
0.9428064617409141 1926
0.9440268825215307 1927
0.9459910494450333 1928
0.9481581290840103 1929
0.9504677920088006 1930
0.9529128043575679 1931
0.9554937597465893 1932
0.9580785609615721 1933
0.9606082166769345 1934
0.963369285903013 1935
0.9661480245761129 1936
0.968804524950944 1937
0.9715705574854807 1938
0.9743788144500247 1939
0.9770944909412865 1940
0.9798459400278164 1941
0.9824511573256031 1942
0.9851371629112798 1943
0.9876763662512319 1944
0.9901533570955279 1945
0.9926217025691354 1946
0.995018358308544 1947
0.9974055862845429 1948
0.9997935849108236 1949
1.0022881007486504 1950
1.0048074596867675 1951
1.0072044676776442 1952
1.0094592563543612 1953
1.0116047031432396 1954
1.0137449793401978 1955
1.0157897358425747 1956
1.0177652818675755 1957
1.0196864731751838 1958
1.021510568312621 1959
1.02332225431384 1960
1.0250906439287784 1961
1.026831828026306 1962
1.0286943069917498 1963
1.0307431294586586 1964
1.033028051434358 1965
1.0355991756439826 1966
1.0384851848118308 1967
1.0416768003867853 1968
1.045174586194898 1969
1.0488630727032306 1970
1.0526775862119337 1971
1.0565269354655693 1972
1.0603453678959962 1973
1.0640984961935938 1974
1.0677058442590486 1975
1.0711150521026864 1976
1.0742843729917488 1977
1.0771883533958095 1978
1.079836717799125 1979
1.0823412419144405 1980
1.0847344056942487 1981
1.0869924352984635 1982
1.089135552129592 1983
1.091370155983009 1984
1.0937807521102527 1985
1.0956147507896365 1986
1.0971525265466657 1987
1.0978318688758975 1988
1.0977447142349863 1989
1.0970386366484608 1990
1.0961020632320229 1991
1.0948695102140773 1992
1.0934328688790917 1993
1.0915451799726608 1994
1.0897448686315074 1995
1.0874469286807291 1996
1.0849331300028198 1997
1.0825862840842921 1998
1.0803937906728065 1999
1.078413750182394 2000
1.050702357476272 2001
1.0492121995730836 2002
1.048482106013757 2003
1.0480450072120833 2004
1.0483460174089025 2005
1.0486859553731018 2006
1.0492625903838306 2007
1.0506287394838012 2008
1.0523617079966565 2009
1.054303491635509 2010
1.0567810649770393 2011
1.059542048223925 2012
1.0625290977187112 2013
1.0657829676160382 2014
1.06935882272151 2015
1.072942558552222 2016
1.076828053140352 2017
1.0805018499574566 2018
1.0842628999227384 2019
1.088013907379721 2020
1.0918961968257364 2021
1.0960479775275866 2022
1.1002676466748733 2023
1.1047396940379255 2024
1.109420104644237 2025
1.1140651155359957 2026
1.118857084407142 2027
1.1235231280332156 2028
1.1281995810633791 2029
1.1325516086622511 2030
1.1368874849817088 2031
1.1410560850939875 2032
1.1451904942344153 2033
1.1491401707704412 2034
1.153079318468303 2035
1.1569327918688155 2036
1.1607826633090519 2037
1.1644679308602583 2038
1.1680668961342735 2039
1.171439799804216 2040
1.1746734189877122 2041
1.1777055917312864 2042
1.1806662962607244 2043
1.1834373106711906 2044
1.1860281892312827 2045
1.188442585842184 2046
1.1906786184338964 2047
1.1927916439216797 2048
1.1948268544882321 2049
1.196814010026604 2050
1.1987073353913602 2051
1.2007184347095032 2052
1.202824262948993 2053
1.2050493737987389 2054
1.2074389200580893 2055
1.2094721421647554 2056
1.212121808360529 2057
1.2147997355721052 2058
1.2174466014578833 2059
1.2199606946786854 2060
1.222353094313976 2061
1.2245965704244657 2062
1.2266450052652633 2063
1.2284941920731147 2064
1.2302287030621757 2065
1.2316637387429428 2066
1.2327837312495749 2067
1.233623183580038 2068
1.2337555315753341 2069
1.2335025295185473 2070
1.2328281607859979 2071
1.231874345914514 2072
1.230708976623165 2073
1.229400405239089 2074
1.2279928139837901 2075
1.226648429727713 2076
1.2253375976851653 2077
1.2239754447320974 2078
1.2226332525816885 2079
1.2213026379586742 2080
1.219771905819569 2081
1.2185022408616426 2082
1.2172856417225355 2083
1.215606771012165 2084
1.2135752921177116 2085
1.2111410331895358 2086
1.2087260228680063 2087
1.2061652146414934 2088
1.203252458728725 2089
1.200260026974358 2090
1.1968000432443726 2091
1.1935825847403654 2092
1.1900587157082738 2093
1.186404582131796 2094
1.1829003477235258 2095
1.1791764434359189 2096
1.175374407122477 2097
1.1717802577735905 2098
1.1681623381403259 2099
1.1648076651624037 2100
1.1616685813275545 2101
1.1588867672544265 2102
1.156488914782221 2103
1.1543817821501634 2104
1.152556512874081 2105
1.151057882094657 2106
1.149816049379255 2107
1.1486609872633082 2108
1.1477244496533738 2109
1.1470695382794658 2110
1.146803062525855 2111
1.1472463911821829 2112
1.1481410974201707 2113
1.1493598041230795 2114
1.1507584264924362 2115
1.1523874662610414 2116
1.154138935706291 2117
1.1560224234205758 2118
1.1577116962883411 2119
1.1597477381448302 2120
1.1620851269283436 2121
1.164359461473121 2122
1.1667743743384043 2123
1.16913646633468 2124
1.1715824843693994 2125
1.1739149975220695 2126
1.1763404520461065 2127
1.1787215937705018 2128
1.1811643631617588 2129
1.1833045464710956 2130
1.1853059888385804 2131
1.1874072978205923 2132
1.18929821039856 2133
1.1912721001281295 2134
1.1930094772049915 2135
1.1946728709522663 2136
1.1963089341287123 2137
1.19787225106437 2138
1.1993938624865041 2139
1.2008570817511044 2140
1.2021726420527052 2141
1.2036503588665468 2142
1.205167461908146 2143
1.2066850306234278 2144
1.2082471277804934 2145
1.209711145819178 2146
1.2113260322073127 2147
1.2130687028653215 2148
1.2149381650771265 2149
1.216831463525036 2150
1.2188342997581538 2151
1.2210718946015016 2152
1.2236604527075285 2153
1.2265086680316144 2154
1.2296986547811468 2155
1.2332029233281367 2156
1.2370507067027552 2157
1.2411371433606329 2158
1.2453419172179208 2159
1.2496326141893488 2160
1.2539145476738718 2161
1.2581171788396965 2162
1.2621681759635888 2163
1.2660651461724541 2164
1.2698154165461188 2165
1.2733873957230182 2166
1.2768214070041284 2167
1.2800967228893334 2168
1.2832721670892218 2169
1.2863390586212347 2170
1.2892741032410366 2171
1.2920923660076977 2172
1.2948185637085892 2173
1.2974752090100072 2174
1.300025157306242 2175
1.3024557354567465 2176
1.304771804057482 2177
1.3069642964373283 2178
1.3090313418919564 2179
1.3109768025529036 2180
1.3125197545839877 2181
1.3139498929589368 2182
1.314470912206805 2183
1.3139747139864812 2184
1.3128008466745003 2185
1.3104813551007362 2186
1.307845103276465 2187
1.3050441978857643 2188
1.3016915756873577 2189
1.297717427128827 2190
1.2933419492565221 2191
1.2887435571596277 2192
1.2839080791932207 2193
1.2791184318044946 2194
1.274305538170575 2195
1.2695341081304035 2196
1.2650658315385122 2197
1.2613462161444928 2198
1.2583145824904387 2199
1.2556358183275207 2200
1.2242896879645166 2201
1.2218601870674037 2202
1.220021899835131 2203
1.2187792267219009 2204
1.2183371082551329 2205
1.2185025731839538 2206
1.2192957077656472 2207
1.221038300181479 2208
1.2231559561243506 2209
1.225557997192067 2210
1.2282326432537727 2211
1.2311013591606947 2212
1.234610325665011 2213
1.2377853023480483 2214
1.2410728551701005 2215
1.244336931904959 2216
1.2473263770197718 2217
1.2503270347517972 2218
1.2535282811151092 2219
1.2570161576145482 2220
1.2608443043035384 2221
1.2647886513691573 2222
1.2689210110951574 2223
1.2732166445483475 2224
1.2775385622089723 2225
1.2818123538020783 2226
1.285497290765957 2227
1.2890937752301348 2228
1.2925756801190913 2229
1.295954767145704 2230
1.2994254985484668 2231
1.3029161395786553 2232
1.3063954504249333 2233
1.3097742647890025 2234
1.3128638444683276 2235
1.3158135175865417 2236
1.3184833779939737 2237
1.320913143667288 2238
1.3232814727486548 2239
1.3254854400018647 2240
1.327528162403547 2241
1.329379964754171 2242
1.3310653346380186 2243
1.3325963800009006 2244
1.333977156675276 2245
1.3352966868311387 2246
1.3367173175805753 2247
1.3382731605875444 2248
1.3399936126926333 2249
1.3419066497415375 2250
1.3440422855300964 2251
1.3463504708494807 2252
1.348781721790611 2253
1.3512529630396966 2254
1.3537052490449577 2255
1.356040970003942 2256
1.358157738557985 2257
1.3601501697082308 2258
1.361992920893157 2259
1.3636991582584574 2260
1.3651549104331828 2261
1.3663754094673466 2262
1.367458068930337 2263
1.3682851769197968 2264
1.3688217540078023 2265
1.3692814921680723 2266
1.3690770729219142 2267
1.3686943235607618 2268
1.36809613658199 2269
1.3672542672818577 2270
1.366264791939941 2271
1.3651356788238624 2272
1.363899063338336 2273
1.362586166187514 2274
1.3612326389138263 2275
1.3599306587818156 2276
1.358451890523719 2277
1.3566224712109176 2278
1.3547174150957972 2279
1.3522573895739383 2280
1.3497918509085731 2281
1.3473228627672487 2282
1.344461454121002 2283
1.3415116602961652 2284
1.3382540338086397 2285
1.3348642911940969 2286
1.3313599298165684 2287
1.3279591295983701 2288
1.3247391294267583 2289
1.321758744401956 2290
1.3188950513762097 2291
1.3163784812672628 2292
1.3142105076260562 2293
1.3123667286654084 2294
1.310723250477458 2295
1.3093811259510175 2296
1.3083475830331621 2297
1.3074839709273003 2298
1.3069353124593022 2299
1.306540493401719 2300
1.3062434258325624 2301
1.3061017414514384 2302
1.30582691480602 2303
1.3056365419345812 2304
1.3052675107613152 2305
1.3049755922404704 2306
1.3046790828530754 2307
1.3044038273154908 2308
1.3044336157180423 2309
1.3045838708773079 2310
1.3049729209544858 2311
1.305525396700125 2312
1.3063563189811407 2313
1.3074191138424256 2314
1.3083238066780951 2315
1.309772650121374 2316
1.311537730296317 2317
1.3135724777353812 2318
1.316276538496062 2319
1.3190041996399189 2320
1.3218711826938603 2321
1.324958794290716 2322
1.3281077735178615 2323
1.33127829012694 2324
1.3342722346547429 2325
1.3370780144588188 2326
1.339685010781097 2327
1.3422779689177962 2328
1.3448643391800883 2329
1.347449310593876 2330
1.349947054670204 2331
1.3523544586294876 2332
1.3548727491235104 2333
1.3572120715435139 2334
1.3595424458426615 2335
1.3617753940791986 2336
1.3640992705473503 2337
1.3664213808303105 2338
1.3686638192060772 2339
1.3708237645454122 2340
1.3728548619244774 2341
1.3748054614868381 2342
1.3766915421742687 2343
1.378542692976494 2344
1.380342383279909 2345
1.382283559355669 2346
1.384429080053587 2347
1.3868145300033365 2348
1.3894922123629405 2349
1.3924623107650174 2350
1.3957433638626162 2351
1.399195258884792 2352
1.4027674407915383 2353
1.4063835060588092 2354
1.4099834294238716 2355
1.4135445596361378 2356
1.4168412390181335 2357
1.4198847600637308 2358
1.4227082969058598 2359
1.4253017160613015 2360
1.427278331884879 2361
1.4289229027879158 2362
1.430090437978276 2363
1.4308814983902216 2364
1.4313374012560771 2365
1.4315393730388122 2366
1.4317335847324943 2367
1.4317678893283716 2368
1.4316632477664368 2369
1.4313793856725092 2370
1.430755579598175 2371
1.4297743948380222 2372
1.428378200634302 2373
1.4266071041279405 2374
1.4243694789511503 2375
1.4219484758293823 2376
1.4191722959821904 2377
1.415903513686154 2378
1.411168424605266 2379
1.4051582915048009 2380
1.3989262162116851 2381
1.3932394266485069 2382
1.3878595235767377 2383
1.382420417284986 2384
1.3763137413358097 2385
1.3699940544504938 2386
1.3636637232414166 2387
1.3574754536575822 2388
1.3514858670938996 2389
1.3457177541713659 2390
1.3402130303866582 2391
1.3351251619125857 2392
1.3304385756249764 2393
1.326704414979308 2394
1.3239224681039004 2395
1.321563641762174 2396
1.3195695226523754 2397
1.317963468614087 2398
1.3168007203411671 2399
1.3161076973537413 2400
1.2802171059761274 2401
1.2814587802647541 2402
1.2825446598795096 2403
1.2836330391994768 2404
1.2852111122131122 2405
1.2870977288810663 2406
1.2892614000877558 2407
1.2917512298472993 2408
1.2943985761391732 2409
1.2971570711551408 2410
1.2998986893296476 2411
1.3027556320247877 2412
1.3056122483503854 2413
1.308679830649436 2414
1.3117768670902605 2415
1.3149631080154829 2416
1.3182876413786828 2417
1.321673714950306 2418
1.3250439592509105 2419
1.3284445209178535 2420
1.331861202812262 2421
1.3349810261702677 2422
1.3381745455038565 2423
1.3410741475135957 2424
1.3438884266491053 2425
1.346489669675186 2426
1.3490020573955106 2427
1.3513648431778906 2428
1.35363606220366 2429
1.3557592182259124 2430
1.3576969444488498 2431
1.3594873830111955 2432
1.3610834341836149 2433
1.3625662873698712 2434
1.3639836886078893 2435
1.3652609027534268 2436
1.36641088958348 2437
1.3672467517333282 2438
1.3678696354216615 2439
1.3684497866452183 2440
1.369165441463074 2441
1.3701919651531136 2442
1.3716538392306175 2443
1.3734996244654585 2444
1.3756903667400955 2445
1.3780852235231915 2446
1.3805317073139343 2447
1.3828895428891705 2448
1.3850164186037397 2449
1.3867965909671751 2450
1.388298419768816 2451
1.3894188795993148 2452
1.3902708838963496 2453
1.3909777135221522 2454
1.3915779795613814 2455
1.3920502718782508 2456
1.3923907012115015 2457
1.3925908231300628 2458
1.3926760666465898 2459
1.3926591921634663 2460
1.392543839079477 2461
1.3923584248904919 2462
1.3919721301685706 2463
1.3912794731799767 2464
1.3905425258294515 2465
1.3894862527512684 2466
1.38817841300644 2467
1.3865642133063434 2468
1.384454586000601 2469
1.3819805679460884 2470
1.3791433862886615 2471
1.3762101297835414 2472
1.37280637943248 2473
1.3692518780785619 2474
1.3656991129939755 2475
1.3621242607472817 2476
1.3588237900415623 2477
1.355853179174287 2478
1.3530629909994443 2479
1.3505064950555732 2480
1.3483005442849623 2481
1.3464231638054567 2482
1.3447399996143798 2483
1.3433938232379636 2484
1.3424434143009554 2485
1.341739858112811 2486
1.3413587728999359 2487
1.341240942478195 2488
1.3412585047179642 2489
1.3416406975925586 2490
1.3421900854661315 2491
1.3428529878134121 2492
1.3436330846977196 2493
1.344439421329215 2494
1.34550555497914 2495
1.3467404535881577 2496
1.3480947009679052 2497
1.349609557304072 2498
1.3512685161585098 2499
1.352928764633724 2500
1.354639931303443 2501
1.3562282345370782 2502
1.3579217783393707 2503
1.3595664605264943 2504
1.361366066814537 2505
1.3635618610250764 2506
1.365715767692851 2507
1.3679251851169516 2508
1.3700693048852306 2509
1.3725771454011193 2510
1.3749811057696286 2511
1.3772824118659368 2512
1.378921709357578 2513
1.3804739019663799 2514
1.3820282896249816 2515
1.3834563703085028 2516
1.3849265718474937 2517
1.386276462948507 2518
1.3876324536626385 2519
1.388839864119671 2520
1.3898759698364027 2521
1.390896293362599 2522
1.3919224120031364 2523
1.3929212544784342 2524
1.3939414089469517 2525
1.3948766215726303 2526
1.3958163279808515 2527
1.3967156284066242 2528
1.3975349475715009 2529
1.3983097973212462 2530
1.3990442624519592 2531
1.3997252918441374 2532
1.4004244221730606 2533
1.4012963546309634 2534
1.4023714676912005 2535
1.403684783641118 2536
1.4052740757773574 2537
1.4071390485068775 2538
1.409285224683751 2539
1.4116666821842048 2540
1.4142088117801233 2541
1.4168098893641854 2542
1.4190259860768761 2543
1.420873365520833 2544
1.420769017697059 2545
1.4188990130802215 2546
1.41659573266466 2547
1.4145499225402702 2548
1.4122069752482143 2549
1.4087926607476806 2550
1.404708806794976 2551
1.4003365862789536 2552
1.3960434851291528 2553
1.3918423664075936 2554
1.3872188027950725 2555
1.3823501525122133 2556
1.3774482441123561 2557
1.3725592634971768 2558
1.367545536403832 2559
1.3622098672681162 2560
1.3566121767976238 2561
1.3509148680109322 2562
1.3450063086078208 2563
1.3386545778275596 2564
1.3319649539452296 2565
1.3251109845944005 2566
1.31806374828233 2567
1.3107086972871758 2568
1.303130193013128 2569
1.2955583468426983 2570
1.2879490741202042 2571
1.2803705473639926 2572
1.2735086279649166 2573
1.2667894826705548 2574
1.2603481223999187 2575
1.2543579763768278 2576
1.2489558649019612 2577
1.2439939897097705 2578
1.2396743446735183 2579
1.235836345242864 2580
1.2326550348862488 2581
1.229987858679639 2582
1.227717745889345 2583
1.2258721676476318 2584
1.224520705389492 2585
1.2238019795248942 2586
1.2237098638163322 2587
1.224286271086141 2588
1.2255051379435724 2589
1.2274609188029184 2590
1.2301467457694677 2591
1.2331784080763264 2592
1.2362889071902632 2593
1.239617804043297 2594
1.2430178196170014 2595
1.2465140488180588 2596
1.2501553801467287 2597
1.2536833915604557 2598
1.2572353864964088 2599
1.260726831359679 2600
1.233492468370321 2601
1.2367090640483556 2602
1.2396506553415032 2603
1.2423700542151885 2604
1.244857875817737 2605
1.2472753804583996 2606
1.2494481947740317 2607
1.2514922484231303 2608
1.2533449417698102 2609
1.2551125595772412 2610
1.2567104623292609 2611
1.2583063241966919 2612
1.2597726354769276 2613
1.2611259792678218 2614
1.2623107402318863 2615
1.2632369338535325 2616
1.2639581997415734 2617
1.26452216120903 2618
1.2650427424286919 2619
1.2656031600664823 2620
1.2664357302974956 2621
1.2675996585466018 2622
1.2692066008112668 2623
1.2712583072274457 2624
1.2736844287896132 2625
1.2763749038225853 2626
1.2792390519006376 2627
1.2821324257066973 2628
1.2849033738343467 2629
1.2875545480574164 2630
1.2900262107529503 2631
1.292301725865215 2632
1.2944226945669535 2633
1.296374356979278 2634
1.2981398003275308 2635
1.2997566089964925 2636
1.301289425411679 2637
1.3027246145177347 2638
1.3040215896484275 2639
1.3051775856230778 2640
1.3061810456031036 2641
1.3070506037082266 2642
1.3077748736758412 2643
1.3083591667763037 2644
1.3087680390402154 2645
1.3089543074087084 2646
1.3089788854937978 2647
1.3084445395292312 2648
1.3068042471434185 2649
1.3047374141425334 2650
1.3027253436176431 2651
1.3007020588207292 2652
1.2981415023112675 2653
1.295293145931145 2654
1.292260038082042 2655
1.2890214797601929 2656
1.284794630069036 2657
1.280522536724556 2658
1.2762070850909213 2659
1.2714752418732573 2660
1.266528784729653 2661
1.2614411812623958 2662
1.2565186304311076 2663
1.2518226956270557 2664
1.2474546562876079 2665
1.2434032773441133 2666
1.2403469264109925 2667
1.238120362017973 2668
1.2365172044249577 2669
1.2357063085643742 2670
1.2356002508277883 2671
1.2363614825371099 2672
1.2378210508502676 2673
1.240188234685016 2674
1.2429816640284939 2675
1.2462481007062607 2676
1.2497929774552132 2677
1.25354303290614 2678
1.25750298620601 2679
1.261352498719479 2680
1.2651476876081995 2681
1.268957556232095 2682
1.2726106863106306 2683
1.27604785168247 2684
1.2795343791366927 2685
1.2830211709260486 2686
1.2862711412030625 2687
1.2895935076435092 2688
1.292903926262733 2689
1.2959773855503924 2690
1.2990834166999927 2691
1.3019833285097444 2692
1.3048074293238296 2693
1.3075540789946567 2694
1.3102069007945345 2695
1.312793889225305 2696
1.3152504069678383 2697
1.3175690966570492 2698
1.3196980556686426 2699
1.3216587290963422 2700
1.3234352674791274 2701
1.325090535459559 2702
1.3265761601233321 2703
1.3278380525863456 2704
1.3289472851940978 2705
1.3299050729710933 2706
1.3307378278389321 2707
1.3315174729446417 2708
1.3322296866184833 2709
1.3329914194362453 2710
1.3339093815375875 2711
1.3349732818268398 2712
1.3362250050428515 2713
1.33768664389634 2714
1.339371090223718 2715
1.3412592150262082 2716
1.3429108875549696 2717
1.3442109925409997 2718
1.3454470354759063 2719
1.3465933280215296 2720
1.3474823137804448 2721
1.3476684137539094 2722
1.3473294501153081 2723
1.346486011808962 2724
1.3451710367109515 2725
1.3437140578699478 2726
1.3419364936382072 2727
1.3399928302609738 2728
1.3379688281632214 2729
1.3358787817121545 2730
1.3338950961939757 2731
1.3319225802638446 2732
1.3294271510541436 2733
1.327022866496466 2734
1.3248856980141226 2735
1.3225451021580432 2736
1.3198985832372967 2737
1.3170785650872145 2738
1.3142474080837576 2739
1.3112151982892386 2740
1.3080411936056182 2741
1.304695934696977 2742
1.300984163367286 2743
1.2970916775349917 2744
1.2930557291894182 2745
1.2890311677554462 2746
1.2850222592153118 2747
1.2808224977877773 2748
1.2764016558204478 2749
1.27214510450277 2750
1.2679907207227246 2751
1.2641382875353107 2752
1.2605532232723726 2753
1.2572809241847318 2754
1.2542052192226756 2755
1.2512723688793155 2756
1.24853005154376 2757
1.2459056431584348 2758
1.243438446456787 2759
1.2410824798927194 2760
1.238913821773137 2761
1.2371075905317286 2762
1.2357740217477766 2763
1.2349574690272447 2764
1.2344065906942212 2765
1.234601498317825 2766
1.2354215015403127 2767
1.2363692869199934 2768
1.2375725043092245 2769
1.238682208946886 2770
1.2399484027671301 2771
1.241155441143481 2772
1.2424384372000992 2773
1.2438040216910196 2774
1.245182151842774 2775
1.246775002493438 2776
1.2481823569793427 2777
1.2496014199291372 2778
1.2509456460489896 2779
1.2522626635214487 2780
1.253474769756448 2781
1.2543731325404406 2782
1.25512738586427 2783
1.2558563172201334 2784
1.256574483643069 2785
1.2571437791906084 2786
1.2577207074097667 2787
1.2582100753260153 2788
1.258705267063082 2789
1.2591063227732773 2790
1.2594128236801343 2791
1.259722845407628 2792
1.259881937695908 2793
1.2599662649911632 2794
1.260006235149632 2795
1.2598949249632598 2796
1.2596840443624115 2797
1.2594392913666723 2798
1.2591420323787395 2799
1.2588337219260766 2800
1.257918146214765 2801
1.2571270815457003 2802
1.2566562114914037 2803
1.2565343175849943 2804
1.2566493885409151 2805
1.2572112145586225 2806
1.258211016924193 2807
1.2599556538689283 2808
1.2623524628857357 2809
1.2650696482436063 2810
1.2679432208341062 2811
1.270970253447694 2812
1.2739759138593514 2813
1.2768983603020838 2814
1.279673504604871 2815
1.2822077073429123 2816
1.2844987738772167 2817
1.2865947578739696 2818
1.288481676494457 2819
1.28997349420474 2820
1.2910491721931878 2821
1.291877324281634 2822
1.2925424079081285 2823
1.2923315260693322 2824
1.291794575247717 2825
1.2908982678075775 2826
1.2894848914174502 2827
1.2878028274258662 2828
1.2858765185547778 2829
1.2837662077230743 2830
1.28162569490872 2831
1.2795182211198346 2832
1.2774554083779959 2833
1.2753448943061554 2834
1.273064901500492 2835
1.2705344896517288 2836
1.2677723052766505 2837
1.2636268635606211 2838
1.2588863904526808 2839
1.2538020284111928 2840
1.2488596738332904 2841
1.2436634992886004 2842
1.2385657332996063 2843
1.2332809809050285 2844
1.2280311633771825 2845
1.2230358121645242 2846
1.218305619957103 2847
1.2140548998225364 2848
1.2103175573396991 2849
1.2069275908480113 2850
1.2039750895176589 2851
1.201437359616781 2852
1.1992493059077025 2853
1.1975076159151912 2854
1.1960914638449442 2855
1.1948985626660986 2856
1.1941016217651972 2857
1.1936623104428048 2858
1.1939738304950283 2859
1.1942948038545507 2860
1.1949539979416914 2861
1.1958424798582044 2862
1.1972055346428496 2863
1.198716106616043 2864
1.200008764834456 2865
1.201326956116617 2866
1.2028339157057977 2867
1.204533444111161 2868
1.2062713618443275 2869
1.2083585143875024 2870
1.2107096035147267 2871
1.2131216593069747 2872
1.2157219693201924 2873
1.2184168590305908 2874
1.22104177989417 2875
1.223702167151158 2876
1.2263744136257142 2877
1.2287683260505708 2878
1.231131695336307 2879
1.2333751351286395 2880
1.2355380443532538 2881
1.237726954271201 2882
1.2399576700451445 2883
1.242222377657106 2884
1.2444113459452864 2885
1.2465994669179719 2886
1.2486614900356465 2887
1.2506717313543956 2888
1.2525706912754513 2889
1.2544365292906567 2890
1.2563835566740875 2891
1.2585201324267512 2892
1.2605631562027197 2893
1.2625263310909993 2894
1.264355844952426 2895
1.2660635066735204 2896
1.2677583454727035 2897
1.2694381286166563 2898
1.2711963422861836 2899
1.273013119249002 2900
1.2750041051375578 2901
1.2772161586947237 2902
1.279624037181107 2903
1.2822345486119069 2904
1.2850387632719704 2905
1.288057274629909 2906
1.291219992105838 2907
1.2941306062216988 2908
1.2970266743279601 2909
1.2998366789194151 2910
1.3025009032255137 2911
1.3045708774127616 2912
1.3061091901192328 2913
1.307061056650062 2914
1.307470038866981 2915
1.3074780401235095 2916
1.307561458499771 2917
1.3074379503847826 2918
1.3072032496149537 2919
1.3069008446030355 2920
1.3064950970286795 2921
1.3058533531346521 2922
1.3051354777272712 2923
1.304336015411309 2924
1.3034404063383092 2925
1.3024873619510866 2926
1.3014364198838515 2927
1.300301825911058 2928
1.299089346304177 2929
1.297629834724434 2930
1.2957216766035975 2931
1.2938955736059916 2932
1.2918069274976394 2933
1.2886850104623593 2934
1.285429846618608 2935
1.2815706057107927 2936
1.2772538021377045 2937
1.2726898464675007 2938
1.2678751008747817 2939
1.2627078032692896 2940
1.2574252996036714 2941
1.251940859046835 2942
1.2463857791492579 2943
1.240872991258218 2944
1.2353630869178702 2945
1.2300434522342565 2946
1.2247927149269413 2947
1.2197420544202158 2948
1.214838477383401 2949
1.2102730078806523 2950
1.2058288232875196 2951
1.201861908046796 2952
1.1984988754054218 2953
1.195795251697855 2954
1.1936074833504355 2955
1.191684295687783 2956
1.1900477350971859 2957
1.1886969259225133 2958
1.187703618313302 2959
1.1870542222321427 2960
1.1866658598369528 2961
1.1864913961380108 2962
1.1867899179724501 2963
1.1872897421293738 2964
1.1880541434226053 2965
1.189015057559644 2966
1.1901683788769586 2967
1.1913978732852977 2968
1.1927099717384442 2969
1.1943321069059778 2970
1.195993830043805 2971
1.197944776904798 2972
1.1999311061506817 2973
1.2019915857625298 2974
1.2038434130208842 2975
1.2058466005452824 2976
1.20771419573601 2977
1.2094620243010459 2978
1.2109918355360905 2979
1.212228826271728 2980
1.2136663399852468 2981
1.2149583753205773 2982
1.2162339698251068 2983
1.2174158457266 2984
1.218621345550371 2985
1.2197906969725805 2986
1.220906796138493 2987
1.2219499140679337 2988
1.222818713921243 2989
1.2236578711719124 2990
1.2244739475771362 2991
1.2250560060164923 2992
1.225458061888837 2993
1.2257996306043266 2994
1.2261406886388737 2995
1.2264540156677028 2996
1.2268242311773552 2997
1.227270223768758 2998
1.2281086814414424 2999
1.2292510361830153 3000
